Datetime,Open,High,Low,Close,Volume,Dividends,Stock Splits
2023-09-01 09:30:00-04:00,189.48500061035156,189.9199981689453,188.3350067138672,188.97900390625,5046070,0.0,0.0
2023-09-01 09:45:00-04:00,188.97999572753906,188.97999572753906,188.27999877929688,188.94000244140625,2681980,0.0,0.0
2023-09-01 10:00:00-04:00,188.9199981689453,189.49000549316406,188.39999389648438,189.24000549316406,2559828,0.0,0.0
2023-09-01 10:15:00-04:00,189.24000549316406,189.41000366210938,188.94000244140625,189.27999877929688,1954224,0.0,0.0
2023-09-01 10:30:00-04:00,189.27000427246094,189.27999877929688,188.82000732421875,189.10000610351562,1496877,0.0,0.0
2023-09-01 10:45:00-04:00,189.11000061035156,189.14999389648438,188.32000732421875,188.39999389648438,1522738,0.0,0.0
2023-09-01 11:00:00-04:00,188.39999389648438,188.6300048828125,188.35000610351562,188.4499969482422,1123961,0.0,0.0
2023-09-01 11:15:00-04:00,188.4499969482422,188.83999633789062,188.37100219726562,188.66000366210938,1074169,0.0,0.0
2023-09-01 11:30:00-04:00,188.67999267578125,188.89500427246094,188.6199951171875,188.6649932861328,995245,0.0,0.0
2023-09-01 11:45:00-04:00,188.66000366210938,188.67999267578125,188.360107421875,188.52499389648438,1046965,0.0,0.0
2023-09-01 12:00:00-04:00,188.50999450683594,188.9188995361328,188.4801025390625,188.875,1046942,0.0,0.0
2023-09-01 12:15:00-04:00,188.875,189.2100067138672,188.85000610351562,189.11500549316406,1141022,0.0,0.0
2023-09-01 12:30:00-04:00,189.11000061035156,189.27000427246094,188.83999633789062,188.86050415039062,1010091,0.0,0.0
2023-09-01 12:45:00-04:00,188.86000061035156,189.24000549316406,188.85000610351562,189.1750030517578,833308,0.0,0.0
2023-09-01 13:00:00-04:00,189.1699981689453,189.32000732421875,188.92999267578125,189.02499389648438,864363,0.0,0.0
2023-09-01 13:15:00-04:00,189.02999877929688,189.1699981689453,188.96310424804688,189.0,525984,0.0,0.0
2023-09-01 13:30:00-04:00,188.99000549316406,189.22500610351562,188.89999389648438,188.9149932861328,819336,0.0,0.0
2023-09-01 13:45:00-04:00,188.91000366210938,189.19419860839844,188.85000610351562,189.1699981689453,641323,0.0,0.0
2023-09-01 14:00:00-04:00,189.1750030517578,189.1999969482422,189.05999755859375,189.09500122070312,626164,0.0,0.0
2023-09-01 14:15:00-04:00,189.0989990234375,189.10000610351562,188.6300048828125,188.7200927734375,965707,0.0,0.0
2023-09-01 14:30:00-04:00,188.72000122070312,188.8350067138672,188.52000427246094,188.76780700683594,1003980,0.0,0.0
2023-09-01 14:45:00-04:00,188.75999450683594,188.91000366210938,188.72000122070312,188.889892578125,770618,0.0,0.0
2023-09-01 15:00:00-04:00,188.8800048828125,188.97999572753906,188.75,188.85800170898438,958878,0.0,0.0
2023-09-01 15:15:00-04:00,188.85499572753906,189.0800018310547,188.75010681152344,189.0500030517578,894098,0.0,0.0
2023-09-01 15:30:00-04:00,189.0500030517578,189.14999389648438,188.9438934326172,189.05999755859375,1237817,0.0,0.0
2023-09-01 15:45:00-04:00,189.07000732421875,189.5399932861328,188.94000244140625,189.47000122070312,3555269,0.0,0.0
2023-09-05 09:30:00-04:00,188.27999877929688,188.6300048828125,187.61000061035156,187.85499572753906,6444210,0.0,0.0
2023-09-05 09:45:00-04:00,187.85499572753906,188.4199981689453,187.8000030517578,188.05999755859375,2724545,0.0,0.0
2023-09-05 10:00:00-04:00,188.05999755859375,188.55499267578125,187.82000732421875,188.3101043701172,2345601,0.0,0.0
2023-09-05 10:15:00-04:00,188.30999755859375,189.07000732421875,188.17999267578125,188.6699981689453,2051201,0.0,0.0
2023-09-05 10:30:00-04:00,188.6649932861328,188.6999969482422,188.2899932861328,188.69369506835938,1616446,0.0,0.0
2023-09-05 10:45:00-04:00,188.69000244140625,189.30999755859375,188.57000732421875,189.0500030517578,1882456,0.0,0.0
2023-09-05 11:00:00-04:00,189.05999755859375,189.60000610351562,189.0449981689453,189.3699951171875,1783635,0.0,0.0
2023-09-05 11:15:00-04:00,189.3699951171875,189.61000061035156,189.14999389648438,189.14999389648438,2115752,0.0,0.0
2023-09-05 11:30:00-04:00,189.1649932861328,189.23989868164062,188.97999572753906,189.1649932861328,997142,0.0,0.0
2023-09-05 11:45:00-04:00,189.16000366210938,189.41000366210938,189.08999633789062,189.39999389648438,932230,0.0,0.0
2023-09-05 12:00:00-04:00,189.40899658203125,189.6649932861328,189.3701934814453,189.64500427246094,869155,0.0,0.0
2023-09-05 12:15:00-04:00,189.64999389648438,189.75999450683594,189.48500061035156,189.58729553222656,868330,0.0,0.0
2023-09-05 12:30:00-04:00,189.58999633789062,189.8000030517578,189.55990600585938,189.7050018310547,1250943,0.0,0.0
2023-09-05 12:45:00-04:00,189.6999969482422,189.80999755859375,189.60000610351562,189.63999938964844,1027486,0.0,0.0
2023-09-05 13:00:00-04:00,189.64999389648438,189.6999053955078,189.2899932861328,189.39999389648438,844439,0.0,0.0
2023-09-05 13:15:00-04:00,189.39999389648438,189.44000244140625,189.19500732421875,189.22999572753906,628532,0.0,0.0
2023-09-05 13:30:00-04:00,189.22999572753906,189.41000366210938,189.16000366210938,189.35769653320312,627299,0.0,0.0
2023-09-05 13:45:00-04:00,189.36000061035156,189.5070037841797,189.2899932861328,189.43499755859375,526622,0.0,0.0
2023-09-05 14:00:00-04:00,189.44000244140625,189.52999877929688,189.32000732421875,189.47000122070312,612086,0.0,0.0
2023-09-05 14:15:00-04:00,189.47999572753906,189.8800048828125,189.46499633789062,189.83999633789062,782165,0.0,0.0
2023-09-05 14:30:00-04:00,189.84500122070312,189.87860107421875,189.53500366210938,189.5749969482422,782902,0.0,0.0
2023-09-05 14:45:00-04:00,189.57260131835938,189.9499969482422,189.52000427246094,189.94000244140625,860646,0.0,0.0
2023-09-05 15:00:00-04:00,189.92999267578125,189.94000244140625,189.5,189.55999755859375,1059714,0.0,0.0
2023-09-05 15:15:00-04:00,189.56570434570312,189.66000366210938,189.47000122070312,189.5478057861328,812670,0.0,0.0
2023-09-05 15:30:00-04:00,189.5449981689453,189.9600067138672,189.5449981689453,189.93919372558594,1326753,0.0,0.0
2023-09-05 15:45:00-04:00,189.92999267578125,189.97999572753906,189.52000427246094,189.69000244140625,3099703,0.0,0.0
2023-09-06 09:30:00-04:00,188.39999389648438,188.85000610351562,186.8300018310547,186.9149932861328,6349297,0.0,0.0
2023-09-06 09:45:00-04:00,186.91000366210938,187.4199981689453,186.5,186.5399932861328,3474555,0.0,0.0
2023-09-06 10:00:00-04:00,186.52999877929688,186.52999877929688,183.92999267578125,184.27000427246094,7214462,0.0,0.0
2023-09-06 10:15:00-04:00,184.25999450683594,185.33999633789062,184.1199951171875,184.1699981689453,4123453,0.0,0.0
2023-09-06 10:30:00-04:00,184.14999389648438,184.52000427246094,184.05499267578125,184.4199981689453,2572218,0.0,0.0
2023-09-06 10:45:00-04:00,184.42010498046875,184.64999389648438,183.9600067138672,184.018798828125,2463339,0.0,0.0
2023-09-06 11:00:00-04:00,184.02000427246094,184.08999633789062,183.52999877929688,183.6999969482422,2755157,0.0,0.0
2023-09-06 11:15:00-04:00,183.70199584960938,184.08999633789062,183.5800018310547,184.02000427246094,2000734,0.0,0.0
2023-09-06 11:30:00-04:00,184.02999877929688,184.30999755859375,183.94500732421875,184.12159729003906,1644302,0.0,0.0
2023-09-06 11:45:00-04:00,184.125,184.28500366210938,183.9600067138672,184.14999389648438,1500583,0.0,0.0
2023-09-06 12:00:00-04:00,184.14500427246094,184.32000732421875,183.6300048828125,183.6322021484375,1765198,0.0,0.0
2023-09-06 12:15:00-04:00,183.6300048828125,183.69500732421875,183.16000366210938,183.2104034423828,2131391,0.0,0.0
2023-09-06 12:30:00-04:00,183.2100067138672,183.30999755859375,182.9499969482422,182.97000122070312,1785091,0.0,0.0
2023-09-06 12:45:00-04:00,182.97000122070312,183.1300048828125,182.8000030517578,183.11480712890625,1591715,0.0,0.0
2023-09-06 13:00:00-04:00,183.11500549316406,183.33999633789062,182.77000427246094,183.27999877929688,1617055,0.0,0.0
2023-09-06 13:15:00-04:00,183.27999877929688,183.4199981689453,182.80999755859375,182.9154052734375,1675430,0.0,0.0
2023-09-06 13:30:00-04:00,182.91000366210938,183.13999938964844,182.82000732421875,182.9199981689453,1292147,0.0,0.0
2023-09-06 13:45:00-04:00,182.91000366210938,183.1699981689453,182.6699981689453,182.9698944091797,1695759,0.0,0.0
2023-09-06 14:00:00-04:00,182.96560668945312,183.00999450683594,182.41000366210938,182.72000122070312,1809399,0.0,0.0
2023-09-06 14:15:00-04:00,182.7100067138672,182.74989318847656,182.1300048828125,182.63429260253906,2197733,0.0,0.0
2023-09-06 14:30:00-04:00,182.63499450683594,182.89999389648438,182.55999755859375,182.71499633789062,1884407,0.0,0.0
2023-09-06 14:45:00-04:00,182.71499633789062,182.72999572753906,182.16000366210938,182.1999969482422,1812556,0.0,0.0
2023-09-06 15:00:00-04:00,182.19000244140625,182.2899932861328,181.8699951171875,182.05999755859375,2525920,0.0,0.0
2023-09-06 15:15:00-04:00,182.0500946044922,182.16000366210938,181.47000122070312,181.52000427246094,3059141,0.0,0.0
2023-09-06 15:30:00-04:00,181.52999877929688,182.1999969482422,181.49000549316406,182.14500427246094,3533382,0.0,0.0
2023-09-06 15:45:00-04:00,182.14999389648438,183.02000427246094,181.9499969482422,182.88999938964844,8374692,0.0,0.0
2023-09-07 09:30:00-04:00,175.17999267578125,177.47999572753906,173.5399932861328,176.88009643554688,26175453,0.0,0.0
2023-09-07 09:45:00-04:00,176.88499450683594,177.7899932861328,175.9407958984375,176.22999572753906,9075041,0.0,0.0
2023-09-07 10:00:00-04:00,176.22999572753906,176.8699951171875,175.69000244140625,176.6199951171875,6266818,0.0,0.0
2023-09-07 10:15:00-04:00,176.61000061035156,176.82000732421875,175.7899932861328,176.05999755859375,4804791,0.0,0.0
2023-09-07 10:30:00-04:00,176.05999755859375,177.10000610351562,175.72999572753906,176.94000244140625,4480943,0.0,0.0
2023-09-07 10:45:00-04:00,176.94000244140625,177.1750030517578,176.64999389648438,176.6999053955078,2981291,0.0,0.0
2023-09-07 11:00:00-04:00,176.69000244140625,178.00999450683594,176.64999389648438,177.85000610351562,3599424,0.0,0.0
2023-09-07 11:15:00-04:00,177.86000061035156,178.2100067138672,177.3000030517578,177.32159423828125,3486103,0.0,0.0
2023-09-07 11:30:00-04:00,177.32000732421875,177.72500610351562,177.07000732421875,177.55499267578125,2566764,0.0,0.0
2023-09-07 11:45:00-04:00,177.5500030517578,177.57000732421875,176.72000122070312,176.97500610351562,2485660,0.0,0.0
2023-09-07 12:00:00-04:00,176.97000122070312,177.13499450683594,176.72999572753906,176.75999450683594,1919235,0.0,0.0
2023-09-07 12:15:00-04:00,176.76800537109375,177.39999389648438,176.64999389648438,177.25999450683594,2263996,0.0,0.0
2023-09-07 12:30:00-04:00,177.25,177.67999267578125,176.97500610351562,177.0301055908203,1637609,0.0,0.0
2023-09-07 12:45:00-04:00,177.02999877929688,177.10000610351562,176.71029663085938,176.73500061035156,1619328,0.0,0.0
2023-09-07 13:00:00-04:00,176.73350524902344,176.8800048828125,175.99000549316406,176.0500030517578,2543087,0.0,0.0
2023-09-07 13:15:00-04:00,176.0500030517578,176.6300048828125,175.9499969482422,176.5814971923828,1989726,0.0,0.0
2023-09-07 13:30:00-04:00,176.58999633789062,176.94500732421875,176.2830047607422,176.9250030517578,1740813,0.0,0.0
2023-09-07 13:45:00-04:00,176.92999267578125,177.10000610351562,176.80999755859375,177.02999877929688,1749256,0.0,0.0
2023-09-07 14:00:00-04:00,177.02499389648438,177.14999389648438,176.7899932861328,176.87710571289062,2023599,0.0,0.0
2023-09-07 14:15:00-04:00,176.875,177.0272979736328,176.52000427246094,176.52499389648438,1780557,0.0,0.0
2023-09-07 14:30:00-04:00,176.52000427246094,177.05999755859375,176.49000549316406,176.92999267578125,1738153,0.0,0.0
2023-09-07 14:45:00-04:00,176.96029663085938,177.38999938964844,176.83999633789062,177.19000244140625,1897630,0.0,0.0
2023-09-07 15:00:00-04:00,177.18499755859375,177.29710388183594,176.77999877929688,177.2449951171875,2015777,0.0,0.0
2023-09-07 15:15:00-04:00,177.25,177.4600067138672,176.97000122070312,177.4600067138672,2014998,0.0,0.0
2023-09-07 15:30:00-04:00,177.468994140625,177.9550018310547,177.44000244140625,177.94500732421875,3108827,0.0,0.0
2023-09-07 15:45:00-04:00,177.94000244140625,178.13999938964844,177.5399932861328,177.55999755859375,7104051,0.0,0.0
2023-09-08 09:30:00-04:00,179.12989807128906,180.10000610351562,178.3300018310547,180.10000610351562,7864280,0.0,0.0
2023-09-08 09:45:00-04:00,180.10499572753906,180.23899841308594,178.9409942626953,179.0749969482422,5106539,0.0,0.0
2023-09-08 10:00:00-04:00,179.07839965820312,179.77999877929688,179.0399932861328,179.24130249023438,3035679,0.0,0.0
2023-09-08 10:15:00-04:00,179.24000549316406,180.02520751953125,179.2100067138672,179.52499389648438,2459339,0.0,0.0
2023-09-08 10:30:00-04:00,179.52999877929688,179.85499572753906,179.16009521484375,179.6199951171875,2534206,0.0,0.0
2023-09-08 10:45:00-04:00,179.60940551757812,179.8300018310547,178.92999267578125,178.94419860839844,2292416,0.0,0.0
2023-09-08 11:00:00-04:00,178.94000244140625,179.1999969482422,178.6999969482422,179.05999755859375,2367895,0.0,0.0
2023-09-08 11:15:00-04:00,179.0634002685547,179.8800048828125,179.02000427246094,179.81179809570312,2713060,0.0,0.0
2023-09-08 11:30:00-04:00,179.82000732421875,180.1999969482422,179.72999572753906,179.8690948486328,2274088,0.0,0.0
2023-09-08 11:45:00-04:00,179.8699951171875,179.8699951171875,179.44000244140625,179.5449981689453,1608278,0.0,0.0
2023-09-08 12:00:00-04:00,179.5500030517578,179.8000030517578,179.27999877929688,179.77000427246094,1572215,0.0,0.0
2023-09-08 12:15:00-04:00,179.76220703125,179.99000549316406,179.5399932861328,179.55499267578125,1449942,0.0,0.0
2023-09-08 12:30:00-04:00,179.5500030517578,179.6999969482422,179.31500244140625,179.5019989013672,1338991,0.0,0.0
2023-09-08 12:45:00-04:00,179.5050048828125,179.6199951171875,179.2100067138672,179.61810302734375,1129452,0.0,0.0
2023-09-08 13:00:00-04:00,179.61000061035156,179.6300048828125,179.25999450683594,179.5198974609375,1100034,0.0,0.0
2023-09-08 13:15:00-04:00,179.5,179.7949981689453,179.47999572753906,179.5850067138672,974784,0.0,0.0
2023-09-08 13:30:00-04:00,179.58999633789062,179.91000366210938,179.57009887695312,179.75,1069061,0.0,0.0
2023-09-08 13:45:00-04:00,179.75010681152344,179.8000030517578,179.5500030517578,179.6999969482422,1015926,0.0,0.0
2023-09-08 14:00:00-04:00,179.70370483398438,179.88999938964844,178.80999755859375,178.88999938964844,1999283,0.0,0.0
2023-09-08 14:15:00-04:00,178.8800048828125,179.17359924316406,178.74009704589844,178.8802032470703,1843746,0.0,0.0
2023-09-08 14:30:00-04:00,178.88499450683594,179.05499267578125,178.3300018310547,178.69000244140625,2186341,0.0,0.0
2023-09-08 14:45:00-04:00,178.69000244140625,178.74000549316406,178.02000427246094,178.2050018310547,1844687,0.0,0.0
2023-09-08 15:00:00-04:00,178.1999969482422,178.41000366210938,177.86000061035156,178.2720947265625,2066999,0.0,0.0
2023-09-08 15:15:00-04:00,178.27000427246094,178.3249969482422,177.80999755859375,177.94500732421875,1807846,0.0,0.0
2023-09-08 15:30:00-04:00,177.94000244140625,178.17799377441406,177.83999633789062,178.0,1636939,0.0,0.0
2023-09-08 15:45:00-04:00,178.00999450683594,178.33999633789062,177.7899932861328,178.19000244140625,4585830,0.0,0.0
2023-09-11 09:30:00-04:00,180.07000732421875,180.3000030517578,178.15020751953125,178.2100067138672,7015314,0.0,0.0
2023-09-11 09:45:00-04:00,178.22000122070312,178.33999633789062,177.47999572753906,178.00999450683594,4487563,0.0,0.0
2023-09-11 10:00:00-04:00,178.00999450683594,178.3300018310547,177.63999938964844,177.67999267578125,2961936,0.0,0.0
2023-09-11 10:15:00-04:00,177.6800994873047,177.9199981689453,177.39999389648438,177.88999938964844,2736510,0.0,0.0
2023-09-11 10:30:00-04:00,177.89999389648438,177.90499877929688,177.33999633789062,177.82000732421875,2141882,0.0,0.0
2023-09-11 10:45:00-04:00,177.80999755859375,178.22000122070312,177.74000549316406,177.8000030517578,1972428,0.0,0.0
2023-09-11 11:00:00-04:00,177.7899932861328,178.42999267578125,177.7550048828125,178.25,1813059,0.0,0.0
2023-09-11 11:15:00-04:00,178.25,178.9499969482422,178.17999267578125,178.75,1867936,0.0,0.0
2023-09-11 11:30:00-04:00,178.75,178.80499267578125,178.21009826660156,178.29049682617188,1729087,0.0,0.0
2023-09-11 11:45:00-04:00,178.2899932861328,178.5,178.22999572753906,178.42010498046875,1129193,0.0,0.0
2023-09-11 12:00:00-04:00,178.4199981689453,178.7218017578125,178.25,178.66000366210938,1291550,0.0,0.0
2023-09-11 12:15:00-04:00,178.6699981689453,178.86000061035156,178.4199981689453,178.68499755859375,1241262,0.0,0.0
2023-09-11 12:30:00-04:00,178.68910217285156,178.74200439453125,178.3300018310547,178.375,1352052,0.0,0.0
2023-09-11 12:45:00-04:00,178.3699951171875,178.72000122070312,178.3300018310547,178.6645965576172,1162546,0.0,0.0
2023-09-11 13:00:00-04:00,178.6699981689453,178.9499969482422,178.55999755859375,178.8300018310547,1155524,0.0,0.0
2023-09-11 13:15:00-04:00,178.8300018310547,179.30239868164062,178.7899932861328,179.26499938964844,1236085,0.0,0.0
2023-09-11 13:30:00-04:00,179.27000427246094,179.42739868164062,179.0850067138672,179.10000610351562,1113319,0.0,0.0
2023-09-11 13:45:00-04:00,179.11000061035156,179.3000030517578,179.00999450683594,179.2449951171875,982418,0.0,0.0
2023-09-11 14:00:00-04:00,179.25,179.5,179.0399932861328,179.47999572753906,1481086,0.0,0.0
2023-09-11 14:15:00-04:00,179.48989868164062,179.5500030517578,179.3300018310547,179.51499938964844,1092756,0.0,0.0
2023-09-11 14:30:00-04:00,179.51499938964844,179.52999877929688,179.36000061035156,179.4149932861328,1038431,0.0,0.0
2023-09-11 14:45:00-04:00,179.41000366210938,179.6750030517578,179.38999938964844,179.66229248046875,948290,0.0,0.0
2023-09-11 15:00:00-04:00,179.6699981689453,179.8300018310547,179.60000610351562,179.66000366210938,1279040,0.0,0.0
2023-09-11 15:15:00-04:00,179.6649932861328,179.92999267578125,179.52000427246094,179.69500732421875,1978094,0.0,0.0
2023-09-11 15:30:00-04:00,179.6999969482422,179.9499969482422,179.6199951171875,179.67999267578125,1839307,0.0,0.0
2023-09-11 15:45:00-04:00,179.67999267578125,179.7100067138672,179.16000366210938,179.3800048828125,4273743,0.0,0.0
2023-09-12 09:30:00-04:00,179.49000549316406,180.1300048828125,179.1999969482422,179.47000122070312,4916762,0.0,0.0
2023-09-12 09:45:00-04:00,179.47000122070312,179.52000427246094,178.4499969482422,178.72999572753906,3055979,0.0,0.0
2023-09-12 10:00:00-04:00,178.72999572753906,178.73989868164062,177.8300018310547,178.60000610351562,3126499,0.0,0.0
2023-09-12 10:15:00-04:00,178.60000610351562,178.72000122070312,177.4600067138672,177.5500030517578,2931814,0.0,0.0
2023-09-12 10:30:00-04:00,177.5500030517578,177.77999877929688,176.63999938964844,176.8000030517578,4038934,0.0,0.0
2023-09-12 10:45:00-04:00,176.79949951171875,177.1490936279297,176.22999572753906,176.34500122070312,3611546,0.0,0.0
2023-09-12 11:00:00-04:00,176.34500122070312,176.66000366210938,176.25,176.40499877929688,2138270,0.0,0.0
2023-09-12 11:15:00-04:00,176.39999389648438,176.72000122070312,176.27000427246094,176.6999969482422,1456777,0.0,0.0
2023-09-12 11:30:00-04:00,176.71200561523438,177.02999877929688,176.71200561523438,176.9824981689453,1912152,0.0,0.0
2023-09-12 11:45:00-04:00,176.97999572753906,177.1199951171875,176.67999267578125,176.6800994873047,1728525,0.0,0.0
2023-09-12 12:00:00-04:00,176.68499755859375,177.18020629882812,176.63999938964844,177.00999450683594,2416986,0.0,0.0
2023-09-12 12:15:00-04:00,177.0153045654297,177.0399932861328,176.52000427246094,176.60499572753906,1116142,0.0,0.0
2023-09-12 12:30:00-04:00,176.61000061035156,177.10000610351562,176.39500427246094,177.0399932861328,1579693,0.0,0.0
2023-09-12 12:45:00-04:00,177.0399932861328,177.27000427246094,176.860107421875,176.96910095214844,1561161,0.0,0.0
2023-09-12 13:00:00-04:00,176.97000122070312,177.24000549316406,176.63999938964844,176.9499969482422,1844395,0.0,0.0
2023-09-12 13:15:00-04:00,176.95599365234375,177.8699951171875,176.94000244140625,177.5699005126953,2453699,0.0,0.0
2023-09-12 13:30:00-04:00,177.57000732421875,177.85009765625,176.66000366210938,176.79710388183594,2844448,0.0,0.0
2023-09-12 13:45:00-04:00,176.7899932861328,177.0493927001953,175.4499969482422,176.39990234375,6234895,0.0,0.0
2023-09-12 14:00:00-04:00,176.38999938964844,176.77999877929688,176.00999450683594,176.2550048828125,3033594,0.0,0.0
2023-09-12 14:15:00-04:00,176.2698974609375,176.46119689941406,174.82000732421875,176.10000610351562,8536924,0.0,0.0
2023-09-12 14:30:00-04:00,176.11000061035156,176.75,175.64999389648438,176.0399932861328,3729624,0.0,0.0
2023-09-12 14:45:00-04:00,176.02999877929688,176.1999969482422,175.13999938964844,175.32870483398438,2807788,0.0,0.0
2023-09-12 15:00:00-04:00,175.3300018310547,175.47999572753906,175.05999755859375,175.10000610351562,3573330,0.0,0.0
2023-09-12 15:15:00-04:00,175.08999633789062,175.77999877929688,175.00039672851562,175.72000122070312,2398656,0.0,0.0
2023-09-12 15:30:00-04:00,175.72000122070312,175.9499969482422,175.49009704589844,175.94000244140625,3066927,0.0,0.0
2023-09-12 15:45:00-04:00,175.9499969482422,176.4600067138672,175.7115020751953,176.30999755859375,6346067,0.0,0.0
2023-09-13 09:30:00-04:00,176.50999450683594,177.3000030517578,175.3300018310547,175.8300018310547,8946266,0.0,0.0
2023-09-13 09:45:00-04:00,175.83999633789062,175.9499969482422,174.58999633789062,175.80819702148438,5431528,0.0,0.0
2023-09-13 10:00:00-04:00,175.81500244140625,175.89990234375,174.66000366210938,174.68020629882812,3103405,0.0,0.0
2023-09-13 10:15:00-04:00,174.6699981689453,175.2899932861328,174.07000732421875,175.18960571289062,4285646,0.0,0.0
2023-09-13 10:30:00-04:00,175.19000244140625,175.5,175.0,175.08999633789062,2730312,0.0,0.0
2023-09-13 10:45:00-04:00,175.08999633789062,175.12249755859375,174.6999969482422,174.73500061035156,2305808,0.0,0.0
2023-09-13 11:00:00-04:00,174.74000549316406,175.22000122070312,174.6699981689453,174.8258056640625,4774019,0.0,0.0
2023-09-13 11:15:00-04:00,174.82000732421875,175.3000030517578,174.75999450683594,175.2165069580078,2195174,0.0,0.0
2023-09-13 11:30:00-04:00,175.1999969482422,175.4499969482422,174.8699951171875,175.1750030517578,1855468,0.0,0.0
2023-09-13 11:45:00-04:00,175.1750030517578,175.77000427246094,175.1300048828125,175.7324981689453,2117979,0.0,0.0
2023-09-13 12:00:00-04:00,175.74000549316406,176.22999572753906,175.69000244140625,175.72500610351562,2567380,0.0,0.0
2023-09-13 12:15:00-04:00,175.72999572753906,176.0,175.66000366210938,175.72000122070312,1568845,0.0,0.0
2023-09-13 12:30:00-04:00,175.72999572753906,175.77000427246094,175.3699951171875,175.39999389648438,1274344,0.0,0.0
2023-09-13 12:45:00-04:00,175.41000366210938,175.72000122070312,175.25999450683594,175.56500244140625,1504194,0.0,0.0
2023-09-13 13:00:00-04:00,175.56500244140625,175.72000122070312,175.38999938964844,175.5540008544922,1396108,0.0,0.0
2023-09-13 13:15:00-04:00,175.55999755859375,175.72999572753906,175.31100463867188,175.32130432128906,1473633,0.0,0.0
2023-09-13 13:30:00-04:00,175.3300018310547,175.47000122070312,175.210205078125,175.4199981689453,1231962,0.0,0.0
2023-09-13 13:45:00-04:00,175.44000244140625,175.5,175.08999633789062,175.18670654296875,1341692,0.0,0.0
2023-09-13 14:00:00-04:00,175.1750030517578,175.27000427246094,174.94000244140625,174.98500061035156,1492924,0.0,0.0
2023-09-13 14:15:00-04:00,174.99000549316406,174.99000549316406,174.75,174.83999633789062,1798902,0.0,0.0
2023-09-13 14:30:00-04:00,174.83999633789062,175.13999938964844,174.5500030517578,174.96499633789062,2278898,0.0,0.0
2023-09-13 14:45:00-04:00,174.97000122070312,175.19000244140625,174.36000061035156,174.7041015625,2517430,0.0,0.0
2023-09-13 15:00:00-04:00,174.7100067138672,174.7899932861328,174.5,174.60000610351562,1657593,0.0,0.0
2023-09-13 15:15:00-04:00,174.58999633789062,175.10000610351562,174.5800018310547,175.05999755859375,1781404,0.0,0.0
2023-09-13 15:30:00-04:00,175.06500244140625,175.19940185546875,174.8000030517578,174.88499450683594,2072983,0.0,0.0
2023-09-13 15:45:00-04:00,174.87989807128906,175.0,173.97999572753906,174.16000366210938,9162062,0.0,0.0
2023-09-14 09:30:00-04:00,174.0,175.52999877929688,173.5800018310547,175.4300994873047,7438889,0.0,0.0
2023-09-14 09:45:00-04:00,175.44500732421875,175.6300048828125,174.5821990966797,175.3699951171875,3545611,0.0,0.0
2023-09-14 10:00:00-04:00,175.39999389648438,175.4600067138672,174.39999389648438,174.75999450683594,2677650,0.0,0.0
2023-09-14 10:15:00-04:00,174.75,174.8300018310547,174.30999755859375,174.80999755859375,2175527,0.0,0.0
2023-09-14 10:30:00-04:00,174.80999755859375,175.39999389648438,174.80999755859375,175.33990478515625,2616517,0.0,0.0
2023-09-14 10:45:00-04:00,175.33999633789062,175.57000732421875,175.17999267578125,175.22000122070312,2787575,0.0,0.0
2023-09-14 11:00:00-04:00,175.22500610351562,175.75999450683594,175.2100067138672,175.33999633789062,2161159,0.0,0.0
2023-09-14 11:15:00-04:00,175.33030700683594,175.64999389648438,175.25,175.38999938964844,1201472,0.0,0.0
2023-09-14 11:30:00-04:00,175.38999938964844,175.55999755859375,174.8300018310547,174.91000366210938,1461829,0.0,0.0
2023-09-14 11:45:00-04:00,174.91000366210938,175.50999450683594,174.88499450683594,175.5,1268982,0.0,0.0
2023-09-14 12:00:00-04:00,175.5,175.7899932861328,175.27000427246094,175.77999877929688,1442930,0.0,0.0
2023-09-14 12:15:00-04:00,175.77499389648438,176.0,175.42999267578125,175.52000427246094,1384261,0.0,0.0
2023-09-14 12:30:00-04:00,175.50999450683594,175.76010131835938,175.02000427246094,175.55929565429688,1465345,0.0,0.0
2023-09-14 12:45:00-04:00,175.5500030517578,175.97000122070312,175.4250030517578,175.8699951171875,1458525,0.0,0.0
2023-09-14 13:00:00-04:00,175.8759002685547,175.8780059814453,175.4600067138672,175.67999267578125,1604523,0.0,0.0
2023-09-14 13:15:00-04:00,175.6699981689453,175.92999267578125,175.60980224609375,175.7946014404297,1013543,0.0,0.0
2023-09-14 13:30:00-04:00,175.8000030517578,176.0399932861328,175.8000030517578,176.02000427246094,1330607,0.0,0.0
2023-09-14 13:45:00-04:00,176.018798828125,176.03030395507812,175.7100067138672,175.7449951171875,1016638,0.0,0.0
2023-09-14 14:00:00-04:00,175.74000549316406,175.89999389648438,175.52000427246094,175.5550994873047,1211373,0.0,0.0
2023-09-14 14:15:00-04:00,175.5500946044922,175.6699981689453,175.3000030517578,175.3699951171875,1633516,0.0,0.0
2023-09-14 14:30:00-04:00,175.36500549316406,175.6999969482422,175.30999755859375,175.64999389648438,1539574,0.0,0.0
2023-09-14 14:45:00-04:00,175.6501007080078,175.8000030517578,175.48500061035156,175.72500610351562,1023585,0.0,0.0
2023-09-14 15:00:00-04:00,175.72500610351562,176.10000610351562,175.6699981689453,175.97500610351562,1142024,0.0,0.0
2023-09-14 15:15:00-04:00,175.97500610351562,175.97500610351562,175.63999938964844,175.6699981689453,1318591,0.0,0.0
2023-09-14 15:30:00-04:00,175.6699981689453,175.83999633789062,175.55999755859375,175.77000427246094,1531844,0.0,0.0
2023-09-14 15:45:00-04:00,175.77000427246094,175.86000061035156,175.5800018310547,175.67999267578125,3795636,0.0,0.0
2023-09-15 09:30:00-04:00,175.875,176.4949951171875,174.8000030517578,175.11099243164062,19305560,0.0,0.0
2023-09-15 09:45:00-04:00,175.10879516601562,175.5,174.69000244140625,174.98500061035156,3338467,0.0,0.0
2023-09-15 10:00:00-04:00,175.0,175.22000122070312,174.67999267578125,174.72999572753906,3428232,0.0,0.0
2023-09-15 10:15:00-04:00,174.75,175.36000061035156,174.5500030517578,175.16000366210938,2803464,0.0,0.0
2023-09-15 10:30:00-04:00,175.14999389648438,175.3800048828125,174.86000061035156,175.16000366210938,2247067,0.0,0.0
2023-09-15 10:45:00-04:00,175.14999389648438,175.26800537109375,174.55999755859375,174.57000732421875,2481530,0.0,0.0
2023-09-15 11:00:00-04:00,174.57000732421875,175.16000366210938,174.52499389648438,175.0,2015191,0.0,0.0
2023-09-15 11:15:00-04:00,175.00999450683594,175.11500549316406,174.61000061035156,174.86570739746094,1558201,0.0,0.0
2023-09-15 11:30:00-04:00,174.86000061035156,174.9499969482422,174.58999633789062,174.8209991455078,1227224,0.0,0.0
2023-09-15 11:45:00-04:00,174.82000732421875,175.0,174.6699981689453,174.95199584960938,2363476,0.0,0.0
2023-09-15 12:00:00-04:00,174.9600067138672,175.14999389648438,174.82000732421875,174.99000549316406,1415631,0.0,0.0
2023-09-15 12:15:00-04:00,174.97999572753906,174.97999572753906,174.7100067138672,174.74000549316406,918986,0.0,0.0
2023-09-15 12:30:00-04:00,174.72999572753906,175.01499938964844,174.6750030517578,174.84100341796875,1586631,0.0,0.0
2023-09-15 12:45:00-04:00,174.85000610351562,174.99000549316406,174.75,174.99000549316406,836987,0.0,0.0
2023-09-15 13:00:00-04:00,174.99000549316406,175.0399932861328,174.60000610351562,174.61000061035156,1163858,0.0,0.0
2023-09-15 13:15:00-04:00,174.61000061035156,174.6699981689453,174.00999450683594,174.0800018310547,1917589,0.0,0.0
2023-09-15 13:30:00-04:00,174.07000732421875,174.2899932861328,173.82000732421875,174.2100067138672,2015135,0.0,0.0
2023-09-15 13:45:00-04:00,174.2100067138672,174.2899932861328,174.1199951171875,174.25999450683594,1023608,0.0,0.0
2023-09-15 14:00:00-04:00,174.25999450683594,174.52000427246094,174.16000366210938,174.3699951171875,1653416,0.0,0.0
2023-09-15 14:15:00-04:00,174.3612060546875,174.6300048828125,174.16000366210938,174.2449951171875,1550308,0.0,0.0
2023-09-15 14:30:00-04:00,174.24000549316406,174.47000122070312,174.15499877929688,174.39500427246094,1122785,0.0,0.0
2023-09-15 14:45:00-04:00,174.3800048828125,174.55999755859375,174.22000122070312,174.37010192871094,1634038,0.0,0.0
2023-09-15 15:00:00-04:00,174.37989807128906,174.4499969482422,174.13870239257812,174.42999267578125,1495307,0.0,0.0
2023-09-15 15:15:00-04:00,174.41000366210938,174.8000030517578,174.41000366210938,174.76499938964844,1934069,0.0,0.0
2023-09-15 15:30:00-04:00,174.77000427246094,174.9499969482422,174.63999938964844,174.6999969482422,3653243,0.0,0.0
2023-09-15 15:45:00-04:00,174.7100067138672,175.1199951171875,174.6300048828125,174.9600067138672,5751161,0.0,0.0
2023-09-18 09:30:00-04:00,176.47999572753906,178.97999572753906,176.1699981689453,177.6999969482422,12457404,0.0,0.0
2023-09-18 09:45:00-04:00,177.6999969482422,177.72000122070312,176.6199951171875,177.0500030517578,4901252,0.0,0.0
2023-09-18 10:00:00-04:00,177.02499389648438,177.39500427246094,176.7100067138672,177.13079833984375,2854930,0.0,0.0
2023-09-18 10:15:00-04:00,177.12289428710938,177.6199951171875,177.02000427246094,177.0218963623047,2772743,0.0,0.0
2023-09-18 10:30:00-04:00,177.0319061279297,177.1699981689453,176.44000244140625,176.88800048828125,2272948,0.0,0.0
2023-09-18 10:45:00-04:00,176.8800048828125,177.25999450683594,176.8300018310547,177.13499450683594,2012938,0.0,0.0
2023-09-18 11:00:00-04:00,177.13499450683594,177.6199951171875,177.08990478515625,177.60780334472656,1610737,0.0,0.0
2023-09-18 11:15:00-04:00,177.60000610351562,177.83999633789062,177.5500030517578,177.80999755859375,1752791,0.0,0.0
2023-09-18 11:30:00-04:00,177.8000030517578,178.0850067138672,177.7449951171875,178.02999877929688,1592421,0.0,0.0
2023-09-18 11:45:00-04:00,178.03500366210938,178.30999755859375,177.97000122070312,178.26499938964844,1665710,0.0,0.0
2023-09-18 12:00:00-04:00,178.26499938964844,178.4199981689453,178.1999969482422,178.2449951171875,1523086,0.0,0.0
2023-09-18 12:15:00-04:00,178.2449951171875,178.64999389648438,178.11000061035156,178.5449981689453,1132634,0.0,0.0
2023-09-18 12:30:00-04:00,178.5449981689453,179.11000061035156,178.5449981689453,178.83340454101562,2110119,0.0,0.0
2023-09-18 12:45:00-04:00,178.83999633789062,179.17999267578125,178.82000732421875,178.860107421875,1668726,0.0,0.0
2023-09-18 13:00:00-04:00,178.8800048828125,179.10000610351562,178.84500122070312,178.92999267578125,1247428,0.0,0.0
2023-09-18 13:15:00-04:00,178.9311981201172,179.2100067138672,178.7301025390625,179.11500549316406,1495776,0.0,0.0
2023-09-18 13:30:00-04:00,179.1199951171875,179.3800048828125,179.08009338378906,179.13499450683594,1413335,0.0,0.0
2023-09-18 13:45:00-04:00,179.13999938964844,179.19000244140625,178.8699951171875,179.00900268554688,1318604,0.0,0.0
2023-09-18 14:00:00-04:00,179.0,179.16000366210938,178.89500427246094,179.13009643554688,1043089,0.0,0.0
2023-09-18 14:15:00-04:00,179.13499450683594,179.22000122070312,178.9499969482422,178.9600067138672,917556,0.0,0.0
2023-09-18 14:30:00-04:00,178.96499633789062,179.07000732421875,178.8699951171875,178.9149932861328,810664,0.0,0.0
2023-09-18 14:45:00-04:00,178.9199981689453,178.96690368652344,178.4246063232422,178.61000061035156,1505043,0.0,0.0
2023-09-18 15:00:00-04:00,178.60000610351562,178.75,178.47999572753906,178.69000244140625,1071051,0.0,0.0
2023-09-18 15:15:00-04:00,178.6999969482422,178.75999450683594,178.27000427246094,178.41909790039062,1764649,0.0,0.0
2023-09-18 15:30:00-04:00,178.4149932861328,178.4149932861328,178.04440307617188,178.08999633789062,1753362,0.0,0.0
2023-09-18 15:45:00-04:00,178.10000610351562,178.27549743652344,177.77499389648438,177.97999572753906,4468588,0.0,0.0
2023-09-19 09:30:00-04:00,177.52000427246094,178.6199951171875,177.30999755859375,178.5399932861328,5740767,0.0,0.0
2023-09-19 09:45:00-04:00,178.5399932861328,178.6699981689453,177.5500030517578,177.59500122070312,3281543,0.0,0.0
2023-09-19 10:00:00-04:00,177.60000610351562,177.75,177.1300048828125,177.5500030517578,2753119,0.0,0.0
2023-09-19 10:15:00-04:00,177.55999755859375,177.91000366210938,177.4499969482422,177.75999450683594,1941911,0.0,0.0
2023-09-19 10:30:00-04:00,177.77000427246094,177.77000427246094,177.27000427246094,177.50999450683594,1586502,0.0,0.0
2023-09-19 10:45:00-04:00,177.50999450683594,177.6199951171875,177.20010375976562,177.2288055419922,1202243,0.0,0.0
2023-09-19 11:00:00-04:00,177.22000122070312,177.44000244140625,177.1699981689453,177.31100463867188,1075037,0.0,0.0
2023-09-19 11:15:00-04:00,177.31089782714844,177.60000610351562,177.14999389648438,177.5850067138672,1122396,0.0,0.0
2023-09-19 11:30:00-04:00,177.5800018310547,177.92999267578125,177.5,177.74000549316406,1450641,0.0,0.0
2023-09-19 11:45:00-04:00,177.75,178.1199951171875,177.6199951171875,178.0601043701172,1225699,0.0,0.0
2023-09-19 12:00:00-04:00,178.07000732421875,178.08799743652344,177.6300048828125,177.8699951171875,1131533,0.0,0.0
2023-09-19 12:15:00-04:00,177.8699951171875,178.1999969482422,177.86990356445312,178.13499450683594,1023712,0.0,0.0
2023-09-19 12:30:00-04:00,178.13999938964844,178.1887969970703,177.8000030517578,177.875,936731,0.0,0.0
2023-09-19 12:45:00-04:00,177.8800048828125,178.2375946044922,177.77999877929688,178.19000244140625,961366,0.0,0.0
2023-09-19 13:00:00-04:00,178.19000244140625,178.49000549316406,178.13999938964844,178.39990234375,1483807,0.0,0.0
2023-09-19 13:15:00-04:00,178.38999938964844,178.5800018310547,178.3175048828125,178.5800018310547,1103457,0.0,0.0
2023-09-19 13:30:00-04:00,178.5800018310547,178.91180419921875,178.57000732421875,178.85499572753906,1313738,0.0,0.0
2023-09-19 13:45:00-04:00,178.86000061035156,179.1699981689453,178.8300018310547,179.08999633789062,1757210,0.0,0.0
2023-09-19 14:00:00-04:00,179.10000610351562,179.38999938964844,179.0800018310547,179.21499633789062,1610011,0.0,0.0
2023-09-19 14:15:00-04:00,179.21499633789062,179.38999938964844,179.11000061035156,179.13499450683594,1272816,0.0,0.0
2023-09-19 14:30:00-04:00,179.1300048828125,179.6300048828125,179.11000061035156,179.42999267578125,1551090,0.0,0.0
2023-09-19 14:45:00-04:00,179.41000366210938,179.4600067138672,178.91000366210938,178.94500732421875,1391278,0.0,0.0
2023-09-19 15:00:00-04:00,178.9199981689453,179.0081024169922,178.75999450683594,178.86000061035156,1117351,0.0,0.0
2023-09-19 15:15:00-04:00,178.86000061035156,179.14840698242188,178.74000549316406,179.10499572753906,1297558,0.0,0.0
2023-09-19 15:30:00-04:00,179.10000610351562,179.3188018798828,178.92999267578125,179.31239318847656,1631077,0.0,0.0
2023-09-19 15:45:00-04:00,179.30999755859375,179.44000244140625,179.02000427246094,179.08999633789062,3128488,0.0,0.0
2023-09-20 09:30:00-04:00,179.25999450683594,179.69500732421875,178.36000061035156,178.3697967529297,4262908,0.0,0.0
2023-09-20 09:45:00-04:00,178.36000061035156,178.5800018310547,177.97999572753906,178.41000366210938,2943654,0.0,0.0
2023-09-20 10:00:00-04:00,178.39999389648438,178.4250030517578,177.46170043945312,177.47500610351562,2544836,0.0,0.0
2023-09-20 10:15:00-04:00,177.47500610351562,177.63999938964844,177.25999450683594,177.5800018310547,2137352,0.0,0.0
2023-09-20 10:30:00-04:00,177.58999633789062,178.0,177.44000244140625,177.9600067138672,1711838,0.0,0.0
2023-09-20 10:45:00-04:00,177.94500732421875,178.02000427246094,177.33740234375,177.42999267578125,1546886,0.0,0.0
2023-09-20 11:00:00-04:00,177.42999267578125,177.5749969482422,177.2729034423828,177.29100036621094,1368072,0.0,0.0
2023-09-20 11:15:00-04:00,177.2949981689453,177.3300018310547,176.86000061035156,176.98500061035156,1817036,0.0,0.0
2023-09-20 11:30:00-04:00,176.98500061035156,177.30999755859375,176.94500732421875,177.17999267578125,1242419,0.0,0.0
2023-09-20 11:45:00-04:00,177.19000244140625,177.5800018310547,177.16000366210938,177.55999755859375,1107298,0.0,0.0
2023-09-20 12:00:00-04:00,177.5500030517578,177.57000732421875,177.4329071044922,177.5590057373047,690781,0.0,0.0
2023-09-20 12:15:00-04:00,177.5592041015625,177.63999938964844,177.32000732421875,177.63999938964844,854628,0.0,0.0
2023-09-20 12:30:00-04:00,177.64999389648438,177.75999450683594,177.55999755859375,177.67999267578125,746344,0.0,0.0
2023-09-20 12:45:00-04:00,177.6898956298828,177.75,177.50999450683594,177.72500610351562,687496,0.0,0.0
2023-09-20 13:00:00-04:00,177.72000122070312,177.72000122070312,177.30999755859375,177.3699951171875,745222,0.0,0.0
2023-09-20 13:15:00-04:00,177.35499572753906,177.58990478515625,177.32000732421875,177.5,681304,0.0,0.0
2023-09-20 13:30:00-04:00,177.5,177.64999389648438,177.4875030517578,177.5050048828125,912607,0.0,0.0
2023-09-20 13:45:00-04:00,177.5,177.79510498046875,177.17520141601562,177.79510498046875,1220095,0.0,0.0
2023-09-20 14:00:00-04:00,177.7899932861328,177.7899932861328,176.5800018310547,176.84959411621094,3385665,0.0,0.0
2023-09-20 14:15:00-04:00,176.84500122070312,177.52000427246094,176.7100067138672,177.1699981689453,1924180,0.0,0.0
2023-09-20 14:30:00-04:00,177.1699981689453,177.77999877929688,176.9600067138672,177.47000122070312,2384849,0.0,0.0
2023-09-20 14:45:00-04:00,177.49000549316406,177.58999633789062,176.8000030517578,177.13999938964844,2002361,0.0,0.0
2023-09-20 15:00:00-04:00,177.1300048828125,177.30999755859375,176.6199951171875,176.6699981689453,1613757,0.0,0.0
2023-09-20 15:15:00-04:00,176.6699981689453,176.9149932861328,176.33999633789062,176.75999450683594,1721358,0.0,0.0
2023-09-20 15:30:00-04:00,176.77000427246094,176.8300018310547,175.5800018310547,175.64999389648438,2874321,0.0,0.0
2023-09-20 15:45:00-04:00,175.66000366210938,176.1199951171875,175.39999389648438,175.49000549316406,5290402,0.0,0.0
2023-09-21 09:30:00-04:00,174.5500030517578,176.0500030517578,174.44000244140625,175.1811065673828,7146460,0.0,0.0
2023-09-21 09:45:00-04:00,175.19000244140625,175.47999572753906,174.58999633789062,174.67999267578125,2889769,0.0,0.0
2023-09-21 10:00:00-04:00,174.66000366210938,176.05999755859375,174.6300048828125,175.32000732421875,3677365,0.0,0.0
2023-09-21 10:15:00-04:00,175.30999755859375,175.91000366210938,175.30499267578125,175.39520263671875,2300847,0.0,0.0
2023-09-21 10:30:00-04:00,175.3946990966797,176.3000030517578,175.3300018310547,175.8502960205078,2416974,0.0,0.0
2023-09-21 10:45:00-04:00,175.83999633789062,175.92999267578125,175.3699951171875,175.41000366210938,1792530,0.0,0.0
2023-09-21 11:00:00-04:00,175.39999389648438,175.6199951171875,174.9499969482422,175.04510498046875,1426296,0.0,0.0
2023-09-21 11:15:00-04:00,175.0500030517578,175.21499633789062,174.82000732421875,174.9199981689453,1328471,0.0,0.0
2023-09-21 11:30:00-04:00,174.9199981689453,175.3300018310547,174.8300018310547,175.27000427246094,1822700,0.0,0.0
2023-09-21 11:45:00-04:00,175.25999450683594,175.6999969482422,175.24009704589844,175.3769989013672,1667424,0.0,0.0
2023-09-21 12:00:00-04:00,175.3699951171875,175.42120361328125,175.02999877929688,175.060302734375,1295542,0.0,0.0
2023-09-21 12:15:00-04:00,175.07000732421875,175.22889709472656,175.0,175.11500549316406,2832364,0.0,0.0
2023-09-21 12:30:00-04:00,175.11000061035156,175.3699951171875,174.9199981689453,175.0402069091797,1422599,0.0,0.0
2023-09-21 12:45:00-04:00,175.0500030517578,175.22000122070312,174.86000061035156,174.88499450683594,1300917,0.0,0.0
2023-09-21 13:00:00-04:00,174.8800048828125,175.19000244140625,174.8699951171875,175.18710327148438,1027778,0.0,0.0
2023-09-21 13:15:00-04:00,175.17999267578125,175.4949951171875,175.17999267578125,175.30999755859375,1391317,0.0,0.0
2023-09-21 13:30:00-04:00,175.3101043701172,175.5399932861328,175.27999877929688,175.42999267578125,1349297,0.0,0.0
2023-09-21 13:45:00-04:00,175.42999267578125,175.5,175.28199768066406,175.35000610351562,645357,0.0,0.0
2023-09-21 14:00:00-04:00,175.35000610351562,175.38999938964844,174.89999389648438,174.91000366210938,1353895,0.0,0.0
2023-09-21 14:15:00-04:00,174.89999389648438,175.01010131835938,174.6300048828125,174.66000366210938,1197756,0.0,0.0
2023-09-21 14:30:00-04:00,174.66000366210938,175.0,174.52000427246094,174.85989379882812,1537712,0.0,0.0
2023-09-21 14:45:00-04:00,174.85499572753906,174.89999389648438,174.6199951171875,174.6510009765625,1016162,0.0,0.0
2023-09-21 15:00:00-04:00,174.65499877929688,174.80990600585938,174.35279846191406,174.38999938964844,1648296,0.0,0.0
2023-09-21 15:15:00-04:00,174.3800048828125,174.5,174.22000122070312,174.27000427246094,1408458,0.0,0.0
2023-09-21 15:30:00-04:00,174.26499938964844,174.5449981689453,174.1199951171875,174.3800048828125,2197010,0.0,0.0
2023-09-21 15:45:00-04:00,174.3800048828125,174.4600067138672,173.86000061035156,173.92999267578125,4826076,0.0,0.0
2023-09-22 09:30:00-04:00,174.6699981689453,174.75999450683594,174.0500030517578,174.35699462890625,4035816,0.0,0.0
2023-09-22 09:45:00-04:00,174.35499572753906,174.89999389648438,174.1199951171875,174.89999389648438,2584101,0.0,0.0
2023-09-22 10:00:00-04:00,174.89999389648438,175.2299041748047,174.57009887695312,175.02000427246094,2136756,0.0,0.0
2023-09-22 10:15:00-04:00,175.02000427246094,175.35989379882812,174.82000732421875,175.2758026123047,1740399,0.0,0.0
2023-09-22 10:30:00-04:00,175.2899932861328,176.22000122070312,175.2823944091797,176.0500030517578,3424866,0.0,0.0
2023-09-22 10:45:00-04:00,176.05999755859375,176.5500030517578,175.94500732421875,176.47999572753906,2396978,0.0,0.0
2023-09-22 11:00:00-04:00,176.48500061035156,176.6199951171875,176.02000427246094,176.16929626464844,1637207,0.0,0.0
2023-09-22 11:15:00-04:00,176.1649932861328,176.49000549316406,176.0,176.3800048828125,1464122,0.0,0.0
2023-09-22 11:30:00-04:00,176.3800048828125,176.61000061035156,176.22000122070312,176.27000427246094,1128537,0.0,0.0
2023-09-22 11:45:00-04:00,176.25999450683594,176.27000427246094,175.94000244140625,176.14010620117188,1175660,0.0,0.0
2023-09-22 12:00:00-04:00,176.13999938964844,176.52999877929688,175.97000122070312,176.39999389648438,2180480,0.0,0.0
2023-09-22 12:15:00-04:00,176.39999389648438,176.75,176.36000061035156,176.61000061035156,1397662,0.0,0.0
2023-09-22 12:30:00-04:00,176.6199951171875,176.8000030517578,176.55999755859375,176.78500366210938,1222310,0.0,0.0
2023-09-22 12:45:00-04:00,176.7899932861328,177.07899475097656,176.66000366210938,176.6699981689453,1763332,0.0,0.0
2023-09-22 13:00:00-04:00,176.6717071533203,176.72999572753906,176.2449951171875,176.25999450683594,1156649,0.0,0.0
2023-09-22 13:15:00-04:00,176.2550048828125,176.27000427246094,175.5800018310547,175.6999969482422,2447749,0.0,0.0
2023-09-22 13:30:00-04:00,175.67999267578125,175.67999267578125,175.14999389648438,175.27000427246094,1438439,0.0,0.0
2023-09-22 13:45:00-04:00,175.25,175.52999877929688,175.14999389648438,175.32000732421875,1217858,0.0,0.0
2023-09-22 14:00:00-04:00,175.32000732421875,175.55999755859375,175.18499755859375,175.2100067138672,1006834,0.0,0.0
2023-09-22 14:15:00-04:00,175.20889282226562,175.423095703125,174.9600067138672,175.1300048828125,1444641,0.0,0.0
2023-09-22 14:30:00-04:00,175.1199951171875,175.22999572753906,174.80999755859375,175.0800018310547,1311458,0.0,0.0
2023-09-22 14:45:00-04:00,175.08999633789062,175.42999267578125,175.03909301757812,175.29100036621094,1007483,0.0,0.0
2023-09-22 15:00:00-04:00,175.27999877929688,175.88999938964844,175.2100067138672,175.7301025390625,1752057,0.0,0.0
2023-09-22 15:15:00-04:00,175.74000549316406,175.99000549316406,175.63999938964844,175.69000244140625,1318549,0.0,0.0
2023-09-22 15:30:00-04:00,175.68499755859375,175.78500366210938,174.9499969482422,174.97999572753906,1472884,0.0,0.0
2023-09-22 15:45:00-04:00,174.97999572753906,175.16000366210938,174.6199951171875,174.74000549316406,4852384,0.0,0.0
2023-09-25 09:30:00-04:00,174.1999969482422,175.13999938964844,174.14999389648438,174.61349487304688,4388451,0.0,0.0
2023-09-25 09:45:00-04:00,174.6085968017578,175.5050048828125,174.39999389648438,175.33999633789062,2360795,0.0,0.0
2023-09-25 10:00:00-04:00,175.35000610351562,175.5500030517578,174.9250030517578,175.07000732421875,1763651,0.0,0.0
2023-09-25 10:15:00-04:00,175.0500030517578,175.14990234375,174.2100067138672,174.47000122070312,1834898,0.0,0.0
2023-09-25 10:30:00-04:00,174.4600067138672,174.9600067138672,174.3699951171875,174.9499969482422,1434186,0.0,0.0
2023-09-25 10:45:00-04:00,174.9499969482422,175.21929931640625,174.77000427246094,174.8800048828125,1395566,0.0,0.0
2023-09-25 11:00:00-04:00,174.88999938964844,175.91000366210938,174.8699951171875,175.89830017089844,1747486,0.0,0.0
2023-09-25 11:15:00-04:00,175.89999389648438,176.5399932861328,175.86000061035156,176.27000427246094,2112588,0.0,0.0
2023-09-25 11:30:00-04:00,176.28799438476562,176.4727020263672,176.07000732421875,176.34500122070312,1318314,0.0,0.0
2023-09-25 11:45:00-04:00,176.34500122070312,176.49000549316406,175.8800048828125,176.02999877929688,1496727,0.0,0.0
2023-09-25 12:00:00-04:00,176.02999877929688,176.44000244140625,175.8800048828125,176.3800048828125,1216998,0.0,0.0
2023-09-25 12:15:00-04:00,176.38499450683594,176.97000122070312,176.36000061035156,176.8800048828125,1489486,0.0,0.0
2023-09-25 12:30:00-04:00,176.88499450683594,176.91000366210938,176.52999877929688,176.52999877929688,1138506,0.0,0.0
2023-09-25 12:45:00-04:00,176.5301055908203,176.57989501953125,176.1300048828125,176.2899932861328,1022963,0.0,0.0
2023-09-25 13:00:00-04:00,176.27999877929688,176.8000030517578,176.0399932861328,176.69500732421875,1260831,0.0,0.0
2023-09-25 13:15:00-04:00,176.69189453125,176.72999572753906,176.0800018310547,176.1300048828125,923107,0.0,0.0
2023-09-25 13:30:00-04:00,176.14999389648438,176.31500244140625,176.0500030517578,176.07989501953125,818494,0.0,0.0
2023-09-25 13:45:00-04:00,176.07000732421875,176.33999633789062,175.8800048828125,176.25999450683594,1225957,0.0,0.0
2023-09-25 14:00:00-04:00,176.27000427246094,176.3675994873047,175.92149353027344,175.97500610351562,1054162,0.0,0.0
2023-09-25 14:15:00-04:00,175.9600067138672,176.00999450683594,175.67999267578125,175.77499389648438,926016,0.0,0.0
2023-09-25 14:30:00-04:00,175.7700958251953,176.12899780273438,175.66000366210938,175.7899932861328,1150217,0.0,0.0
2023-09-25 14:45:00-04:00,175.77999877929688,175.85000610351562,175.47999572753906,175.5500030517578,1072342,0.0,0.0
2023-09-25 15:00:00-04:00,175.55499267578125,175.58999633789062,174.97000122070312,175.2698974609375,1667897,0.0,0.0
2023-09-25 15:15:00-04:00,175.25999450683594,175.67999267578125,175.2427978515625,175.61050415039062,1584848,0.0,0.0
2023-09-25 15:30:00-04:00,175.61000061035156,175.80999755859375,175.4600067138672,175.48500061035156,1548217,0.0,0.0
2023-09-25 15:45:00-04:00,175.48500061035156,176.14999389648438,175.3699951171875,176.08999633789062,3160715,0.0,0.0
2023-09-26 09:30:00-04:00,174.73989868164062,174.7899932861328,174.25,174.4600067138672,4456902,0.0,0.0
2023-09-26 09:45:00-04:00,174.47000122070312,174.5,172.92999267578125,173.0399932861328,4649343,0.0,0.0
2023-09-26 10:00:00-04:00,173.0399932861328,173.4600067138672,172.7100067138672,172.75,3534532,0.0,0.0
2023-09-26 10:15:00-04:00,172.75999450683594,173.17999267578125,172.47999572753906,173.10000610351562,3149128,0.0,0.0
2023-09-26 10:30:00-04:00,173.08999633789062,173.4499969482422,172.69000244140625,173.42999267578125,2392406,0.0,0.0
2023-09-26 10:45:00-04:00,173.43800354003906,173.64999389648438,172.72999572753906,172.77000427246094,2268264,0.0,0.0
2023-09-26 11:00:00-04:00,172.77000427246094,172.91000366210938,172.4149932861328,172.5,1692815,0.0,0.0
2023-09-26 11:15:00-04:00,172.49989318847656,172.82000732421875,172.44000244140625,172.57000732421875,1550933,0.0,0.0
2023-09-26 11:30:00-04:00,172.5800018310547,173.1199951171875,172.52999877929688,173.031005859375,1757770,0.0,0.0
2023-09-26 11:45:00-04:00,173.02999877929688,173.19000244140625,172.7100067138672,172.86000061035156,1246866,0.0,0.0
2023-09-26 12:00:00-04:00,172.85989379882812,172.98519897460938,172.60499572753906,172.8647003173828,1029123,0.0,0.0
2023-09-26 12:15:00-04:00,172.85000610351562,173.0399932861328,172.52000427246094,173.00999450683594,1345199,0.0,0.0
2023-09-26 12:30:00-04:00,173.00999450683594,173.26669311523438,172.89999389648438,173.09500122070312,866327,0.0,0.0
2023-09-26 12:45:00-04:00,173.08999633789062,173.36000061035156,173.0,173.2100067138672,801441,0.0,0.0
2023-09-26 13:00:00-04:00,173.2100067138672,173.52999877929688,172.96009826660156,173.4499969482422,1394667,0.0,0.0
2023-09-26 13:15:00-04:00,173.4499969482422,173.50999450683594,172.84500122070312,172.84500122070312,1132021,0.0,0.0
2023-09-26 13:30:00-04:00,172.85499572753906,173.0050048828125,172.55999755859375,172.6300048828125,1071815,0.0,0.0
2023-09-26 13:45:00-04:00,172.63510131835938,172.9199981689453,172.55999755859375,172.8000030517578,1263813,0.0,0.0
2023-09-26 14:00:00-04:00,172.7949981689453,172.8699951171875,172.5399932861328,172.6300048828125,1179049,0.0,0.0
2023-09-26 14:15:00-04:00,172.6199951171875,172.6699981689453,172.22000122070312,172.30020141601562,1761039,0.0,0.0
2023-09-26 14:30:00-04:00,172.30499267578125,172.44000244140625,172.08999633789062,172.14500427246094,1514239,0.0,0.0
2023-09-26 14:45:00-04:00,172.13999938964844,172.27000427246094,172.02999877929688,172.25999450683594,1585913,0.0,0.0
2023-09-26 15:00:00-04:00,172.25790405273438,172.35000610351562,172.0399932861328,172.10499572753906,1698700,0.0,0.0
2023-09-26 15:15:00-04:00,172.11000061035156,172.13999938964844,171.66000366210938,171.74000549316406,2572514,0.0,0.0
2023-09-26 15:30:00-04:00,171.74000549316406,172.27999877929688,171.72000122070312,172.26499938964844,2019141,0.0,0.0
2023-09-26 15:45:00-04:00,172.26759338378906,172.3300018310547,171.80999755859375,171.89999389648438,6537811,0.0,0.0
2023-09-27 09:30:00-04:00,172.6199951171875,172.97999572753906,171.99009704589844,172.4499969482422,4213232,0.0,0.0
2023-09-27 09:45:00-04:00,172.64999389648438,172.64999389648438,171.4499969482422,171.50999450683594,3592756,0.0,0.0
2023-09-27 10:00:00-04:00,171.5,171.66000366210938,170.42999267578125,170.4949951171875,3663625,0.0,0.0
2023-09-27 10:15:00-04:00,170.4949951171875,171.38999938964844,170.30999755859375,171.27000427246094,3150128,0.0,0.0
2023-09-27 10:30:00-04:00,171.25,171.47999572753906,170.8300018310547,170.89999389648438,1751119,0.0,0.0
2023-09-27 10:45:00-04:00,170.91000366210938,171.1699981689453,170.27000427246094,170.40899658203125,2003490,0.0,0.0
2023-09-27 11:00:00-04:00,170.40499877929688,171.1479034423828,170.3699951171875,170.92999267578125,1746745,0.0,0.0
2023-09-27 11:15:00-04:00,170.9311065673828,170.97500610351562,170.61000061035156,170.97500610351562,1416145,0.0,0.0
2023-09-27 11:30:00-04:00,170.97999572753906,171.0800018310547,170.40499877929688,170.41000366210938,1104281,0.0,0.0
2023-09-27 11:45:00-04:00,170.4199981689453,170.50999450683594,170.02000427246094,170.39999389648438,1904983,0.0,0.0
2023-09-27 12:00:00-04:00,170.20989990234375,170.3000030517578,169.63999938964844,169.85989379882812,2300212,0.0,0.0
2023-09-27 12:15:00-04:00,169.83999633789062,169.89999389648438,169.6699981689453,169.83999633789062,1587627,0.0,0.0
2023-09-27 12:30:00-04:00,169.85000610351562,170.0399932861328,169.72999572753906,169.99000549316406,1922850,0.0,0.0
2023-09-27 12:45:00-04:00,169.99000549316406,170.11000061035156,169.8249969482422,169.94000244140625,1098316,0.0,0.0
2023-09-27 13:00:00-04:00,169.92999267578125,170.1999969482422,169.6999969482422,169.73500061035156,1370525,0.0,0.0
2023-09-27 13:15:00-04:00,169.74000549316406,169.91000366210938,169.2899932861328,169.3000030517578,1784969,0.0,0.0
2023-09-27 13:30:00-04:00,169.29989624023438,169.52999877929688,169.0500030517578,169.41000366210938,1564449,0.0,0.0
2023-09-27 13:45:00-04:00,169.41000366210938,169.64999389648438,169.31500244140625,169.5299072265625,1304730,0.0,0.0
2023-09-27 14:00:00-04:00,169.52999877929688,169.67999267578125,169.27999877929688,169.39999389648438,1273395,0.0,0.0
2023-09-27 14:15:00-04:00,169.39999389648438,170.10000610351562,169.19500732421875,170.07000732421875,1613056,0.0,0.0
2023-09-27 14:30:00-04:00,170.06500244140625,170.6658935546875,170.06500244140625,170.50990295410156,2254405,0.0,0.0
2023-09-27 14:45:00-04:00,170.5050048828125,170.6699981689453,170.13999938964844,170.1999969482422,1558353,0.0,0.0
2023-09-27 15:00:00-04:00,170.1999969482422,170.9600067138672,170.02999877929688,170.5449981689453,3031032,0.0,0.0
2023-09-27 15:15:00-04:00,170.5449981689453,170.60000610351562,170.14999389648438,170.16000366210938,1836854,0.0,0.0
2023-09-27 15:30:00-04:00,170.16000366210938,170.47999572753906,169.82000732421875,169.99000549316406,2783619,0.0,0.0
2023-09-27 15:45:00-04:00,169.99000549316406,170.4600067138672,169.75999450683594,170.42999267578125,5887556,0.0,0.0
2023-09-28 09:30:00-04:00,169.33999633789062,169.8000030517578,167.6199951171875,168.3800048828125,7501367,0.0,0.0
2023-09-28 09:45:00-04:00,168.36000061035156,169.69000244140625,168.27000427246094,169.61000061035156,3120578,0.0,0.0
2023-09-28 10:00:00-04:00,169.61000061035156,170.00999450683594,169.4499969482422,169.477294921875,2426648,0.0,0.0
2023-09-28 10:15:00-04:00,169.47500610351562,169.63900756835938,168.89999389648438,169.1300048828125,2141065,0.0,0.0
2023-09-28 10:30:00-04:00,169.13999938964844,169.9600067138672,168.69000244140625,169.9499969482422,2264771,0.0,0.0
2023-09-28 10:45:00-04:00,169.94500732421875,170.27000427246094,169.8300018310547,170.24899291992188,2285297,0.0,0.0
2023-09-28 11:00:00-04:00,170.24000549316406,170.3197021484375,169.8000030517578,170.25950622558594,1954569,0.0,0.0
2023-09-28 11:15:00-04:00,170.25,170.67999267578125,170.11000061035156,170.5,2114138,0.0,0.0
2023-09-28 11:30:00-04:00,170.5,170.9600067138672,170.47079467773438,170.9499969482422,1938652,0.0,0.0
2023-09-28 11:45:00-04:00,170.9499969482422,171.61810302734375,170.86000061035156,171.60000610351562,2008996,0.0,0.0
2023-09-28 12:00:00-04:00,171.60000610351562,171.73500061035156,171.27110290527344,171.631103515625,1616391,0.0,0.0
2023-09-28 12:15:00-04:00,171.6300048828125,172.02999877929688,171.5399932861328,171.88999938964844,1524475,0.0,0.0
2023-09-28 12:30:00-04:00,171.88999938964844,171.9149932861328,171.57949829101562,171.67999267578125,1032915,0.0,0.0
2023-09-28 12:45:00-04:00,171.68499755859375,171.72000122070312,171.02999877929688,171.1300048828125,1215200,0.0,0.0
2023-09-28 13:00:00-04:00,171.13499450683594,171.52999877929688,170.86000061035156,171.41000366210938,1508773,0.0,0.0
2023-09-28 13:15:00-04:00,171.41229248046875,171.42999267578125,170.8800048828125,170.88999938964844,1068325,0.0,0.0
2023-09-28 13:30:00-04:00,170.8820037841797,170.97000122070312,170.42999267578125,170.49000549316406,1279708,0.0,0.0
2023-09-28 13:45:00-04:00,170.48500061035156,170.86000061035156,170.46499633789062,170.86000061035156,980338,0.0,0.0
2023-09-28 14:00:00-04:00,170.86000061035156,170.90989685058594,170.4499969482422,170.8657989501953,1175452,0.0,0.0
2023-09-28 14:15:00-04:00,170.8800048828125,171.1649932861328,170.77000427246094,171.1300048828125,1246458,0.0,0.0
2023-09-28 14:30:00-04:00,171.13499450683594,171.14999389648438,170.30999755859375,170.60499572753906,1315933,0.0,0.0
2023-09-28 14:45:00-04:00,170.60000610351562,170.75979614257812,170.3800048828125,170.75,1009918,0.0,0.0
2023-09-28 15:00:00-04:00,170.75,171.10989379882812,170.52999877929688,171.07000732421875,1182255,0.0,0.0
2023-09-28 15:15:00-04:00,171.07000732421875,171.67999267578125,171.0449981689453,171.5800018310547,1327210,0.0,0.0
2023-09-28 15:30:00-04:00,171.5800018310547,171.63999938964844,170.63999938964844,170.82000732421875,1842567,0.0,0.0
2023-09-28 15:45:00-04:00,170.82049560546875,170.9656982421875,170.44000244140625,170.69000244140625,3882275,0.0,0.0
2023-09-29 09:30:00-04:00,172.02000427246094,172.6699981689453,171.8105926513672,172.1199951171875,4411066,0.0,0.0
2023-09-29 09:45:00-04:00,172.1300048828125,172.8000946044922,171.77000427246094,172.69769287109375,2564833,0.0,0.0
2023-09-29 10:00:00-04:00,172.6999969482422,173.07000732421875,172.43499755859375,172.55999755859375,2364010,0.0,0.0
2023-09-29 10:15:00-04:00,172.55999755859375,172.6300048828125,172.0399932861328,172.25,1709398,0.0,0.0
2023-09-29 10:30:00-04:00,172.27000427246094,172.61990356445312,172.2100067138672,172.47999572753906,1515031,0.0,0.0
2023-09-29 10:45:00-04:00,172.47500610351562,172.7899932861328,172.36000061035156,172.43499755859375,1237908,0.0,0.0
2023-09-29 11:00:00-04:00,172.44000244140625,172.58999633789062,172.22999572753906,172.3000030517578,1471849,0.0,0.0
2023-09-29 11:15:00-04:00,172.30999755859375,172.75999450683594,172.02000427246094,172.05999755859375,1207779,0.0,0.0
2023-09-29 11:30:00-04:00,172.05999755859375,172.08999633789062,171.5800018310547,171.72900390625,1333632,0.0,0.0
2023-09-29 11:45:00-04:00,171.72999572753906,172.0,171.61000061035156,171.9300994873047,902249,0.0,0.0
2023-09-29 12:00:00-04:00,171.94000244140625,172.08999633789062,171.57000732421875,171.63999938964844,875060,0.0,0.0
2023-09-29 12:15:00-04:00,171.6300048828125,172.0800018310547,171.5301055908203,171.8350067138672,699376,0.0,0.0
2023-09-29 12:30:00-04:00,171.83999633789062,171.92999267578125,171.52999877929688,171.5500030517578,666266,0.0,0.0
2023-09-29 12:45:00-04:00,171.57000732421875,171.8000030517578,171.1699981689453,171.3249969482422,1078652,0.0,0.0
2023-09-29 13:00:00-04:00,171.3300018310547,171.3300018310547,170.77999877929688,170.9199981689453,1060439,0.0,0.0
2023-09-29 13:15:00-04:00,170.91000366210938,171.25,170.72999572753906,171.22999572753906,917733,0.0,0.0
2023-09-29 13:30:00-04:00,171.22999572753906,171.3000030517578,171.02099609375,171.14999389648438,801744,0.0,0.0
2023-09-29 13:45:00-04:00,171.13999938964844,171.19000244140625,170.6199951171875,170.6300048828125,823676,0.0,0.0
2023-09-29 14:00:00-04:00,170.6199951171875,170.72000122070312,170.3800048828125,170.6300048828125,1244868,0.0,0.0
2023-09-29 14:15:00-04:00,170.6199951171875,171.0,170.4199981689453,170.5399932861328,1059857,0.0,0.0
2023-09-29 14:30:00-04:00,170.5449981689453,170.99000549316406,170.34100341796875,170.88999938964844,1230572,0.0,0.0
2023-09-29 14:45:00-04:00,170.89100646972656,171.56500244140625,170.8000030517578,171.54010009765625,1420292,0.0,0.0
2023-09-29 15:00:00-04:00,171.5500030517578,171.7100067138672,171.14999389648438,171.28500366210938,1403692,0.0,0.0
2023-09-29 15:15:00-04:00,171.29989624023438,171.49989318847656,171.0399932861328,171.28990173339844,1450450,0.0,0.0
2023-09-29 15:30:00-04:00,171.27999877929688,171.4199981689453,170.97000122070312,170.97999572753906,1617937,0.0,0.0
2023-09-29 15:45:00-04:00,170.97999572753906,171.9199981689453,170.75999450683594,171.22000122070312,4827370,0.0,0.0
2023-10-02 09:30:00-04:00,171.22000122070312,173.2100067138672,170.92999267578125,173.17999267578125,5088132,0.0,0.0
2023-10-02 09:45:00-04:00,173.17999267578125,173.25,172.80999755859375,172.94000244140625,2170111,0.0,0.0
2023-10-02 10:00:00-04:00,172.94000244140625,174.0399932861328,172.8000030517578,173.32960510253906,3019780,0.0,0.0
2023-10-02 10:15:00-04:00,173.32000732421875,174.00999450683594,173.25999450683594,173.3300018310547,2124533,0.0,0.0
2023-10-02 10:30:00-04:00,173.35000610351562,173.77999877929688,172.97000122070312,173.33450317382812,1919189,0.0,0.0
2023-10-02 10:45:00-04:00,173.33999633789062,173.639892578125,172.83999633789062,173.00900268554688,1650611,0.0,0.0
2023-10-02 11:00:00-04:00,173.00999450683594,173.74000549316406,172.9550018310547,173.7100067138672,1544542,0.0,0.0
2023-10-02 11:15:00-04:00,173.69500732421875,174.3000030517578,173.61000061035156,174.10459899902344,1822951,0.0,0.0
2023-10-02 11:30:00-04:00,174.1199951171875,174.2100067138672,173.4199981689453,173.4499969482422,1433756,0.0,0.0
2023-10-02 11:45:00-04:00,173.44500732421875,173.60000610351562,172.90499877929688,173.0800018310547,1400878,0.0,0.0
2023-10-02 12:00:00-04:00,173.08999633789062,173.25999450683594,172.82000732421875,173.25999450683594,1053958,0.0,0.0
2023-10-02 12:15:00-04:00,173.26930236816406,173.52999877929688,173.11000061035156,173.35000610351562,1437347,0.0,0.0
2023-10-02 12:30:00-04:00,173.36000061035156,173.47000122070312,173.17999267578125,173.19000244140625,859788,0.0,0.0
2023-10-02 12:45:00-04:00,173.1999969482422,173.38499450683594,173.02000427246094,173.17999267578125,919022,0.0,0.0
2023-10-02 13:00:00-04:00,173.18499755859375,173.30999755859375,172.72999572753906,172.77999877929688,1067869,0.0,0.0
2023-10-02 13:15:00-04:00,172.7899932861328,173.40499877929688,172.7799072265625,173.30999755859375,905523,0.0,0.0
2023-10-02 13:30:00-04:00,173.30999755859375,173.45989990234375,173.16009521484375,173.38900756835938,753011,0.0,0.0
2023-10-02 13:45:00-04:00,173.3800048828125,173.57989501953125,173.11000061035156,173.1300048828125,945488,0.0,0.0
2023-10-02 14:00:00-04:00,173.1300048828125,173.67999267578125,172.97999572753906,173.6649932861328,1226571,0.0,0.0
2023-10-02 14:15:00-04:00,173.66000366210938,173.7100067138672,172.77000427246094,172.78990173339844,1188588,0.0,0.0
2023-10-02 14:30:00-04:00,172.78199768066406,172.97000122070312,172.61000061035156,172.64999389648438,913968,0.0,0.0
2023-10-02 14:45:00-04:00,172.66000366210938,173.02999877929688,172.64999389648438,172.88999938964844,899035,0.0,0.0
2023-10-02 15:00:00-04:00,172.8800048828125,173.0800018310547,172.5330047607422,172.77999877929688,1238036,0.0,0.0
2023-10-02 15:15:00-04:00,172.77000427246094,173.2100067138672,172.77000427246094,173.0,1675728,0.0,0.0
2023-10-02 15:30:00-04:00,173.0,173.24000549316406,172.86000061035156,172.9499969482422,1604790,0.0,0.0
2023-10-02 15:45:00-04:00,172.94000244140625,173.77999877929688,172.75,173.75,4815686,0.0,0.0
2023-10-03 09:30:00-04:00,172.2550048828125,173.36000061035156,172.2100067138672,173.0800018310547,3746191,0.0,0.0
2023-10-03 09:45:00-04:00,173.05999755859375,173.6300048828125,172.89999389648438,173.27000427246094,2299787,0.0,0.0
2023-10-03 10:00:00-04:00,173.27000427246094,173.3000030517578,171.27999877929688,171.2899932861328,3391199,0.0,0.0
2023-10-03 10:15:00-04:00,171.2899932861328,171.41000366210938,170.82000732421875,171.1717987060547,2324711,0.0,0.0
2023-10-03 10:30:00-04:00,171.17999267578125,171.89999389648438,171.07000732421875,171.75010681152344,1812206,0.0,0.0
2023-10-03 10:45:00-04:00,171.7550048828125,171.79469299316406,171.3000030517578,171.50999450683594,1632271,0.0,0.0
2023-10-03 11:00:00-04:00,171.5,171.8800048828125,171.38999938964844,171.8350067138672,1825857,0.0,0.0
2023-10-03 11:15:00-04:00,171.83999633789062,171.98500061035156,171.5500030517578,171.6300048828125,1368952,0.0,0.0
2023-10-03 11:30:00-04:00,171.63999938964844,171.83999633789062,171.36000061035156,171.80999755859375,1128724,0.0,0.0
2023-10-03 11:45:00-04:00,171.8000030517578,171.83999633789062,171.42999267578125,171.75,886129,0.0,0.0
2023-10-03 12:00:00-04:00,171.74819946289062,172.08999633789062,171.69000244140625,172.00030517578125,1224959,0.0,0.0
2023-10-03 12:15:00-04:00,171.99000549316406,172.36500549316406,171.9199981689453,172.26400756835938,1253102,0.0,0.0
2023-10-03 12:30:00-04:00,172.27999877929688,172.6699981689453,172.24000549316406,172.42999267578125,1309711,0.0,0.0
2023-10-03 12:45:00-04:00,172.4257049560547,172.69000244140625,172.36000061035156,172.55999755859375,1185882,0.0,0.0
2023-10-03 13:00:00-04:00,172.5500030517578,172.80499267578125,172.1199951171875,172.27000427246094,1317508,0.0,0.0
2023-10-03 13:15:00-04:00,172.27000427246094,172.30999755859375,171.96490478515625,172.00180053710938,914439,0.0,0.0
2023-10-03 13:30:00-04:00,172.00999450683594,172.0948028564453,171.75,171.9600067138672,876696,0.0,0.0
2023-10-03 13:45:00-04:00,171.96499633789062,172.05499267578125,171.77000427246094,171.97500610351562,822972,0.0,0.0
2023-10-03 14:00:00-04:00,171.97000122070312,172.1300048828125,171.55099487304688,171.6999969482422,1064864,0.0,0.0
2023-10-03 14:15:00-04:00,171.69500732421875,172.02000427246094,171.55999755859375,171.85000610351562,1009673,0.0,0.0
2023-10-03 14:30:00-04:00,171.85000610351562,172.22999572753906,171.81500244140625,172.218994140625,820769,0.0,0.0
2023-10-03 14:45:00-04:00,172.2100067138672,172.39999389648438,172.0800018310547,172.27000427246094,1262226,0.0,0.0
2023-10-03 15:00:00-04:00,172.25999450683594,172.3000030517578,171.80499267578125,171.83009338378906,1363936,0.0,0.0
2023-10-03 15:15:00-04:00,171.8300018310547,172.1999969482422,171.7899932861328,171.86000061035156,1374573,0.0,0.0
2023-10-03 15:30:00-04:00,171.85499572753906,172.24600219726562,171.77999877929688,172.0800018310547,1804387,0.0,0.0
2023-10-03 15:45:00-04:00,172.0850067138672,172.52000427246094,172.02000427246094,172.4600067138672,4447750,0.0,0.0
2023-10-04 09:30:00-04:00,171.08999633789062,172.4600067138672,170.97000122070312,172.17999267578125,5409910,0.0,0.0
2023-10-04 09:45:00-04:00,172.17999267578125,172.69000244140625,172.1121063232422,172.49000549316406,2624782,0.0,0.0
2023-10-04 10:00:00-04:00,172.47999572753906,172.6999969482422,171.8699951171875,172.63999938964844,2924516,0.0,0.0
2023-10-04 10:15:00-04:00,172.64999389648438,172.74000549316406,172.1999969482422,172.38999938964844,2115557,0.0,0.0
2023-10-04 10:30:00-04:00,172.39500427246094,173.49000549316406,172.39500427246094,173.16000366210938,3008526,0.0,0.0
2023-10-04 10:45:00-04:00,173.16000366210938,173.3300018310547,172.3000030517578,172.4499969482422,2000457,0.0,0.0
2023-10-04 11:00:00-04:00,172.44000244140625,172.58999633789062,172.1300048828125,172.50999450683594,1801978,0.0,0.0
2023-10-04 11:15:00-04:00,172.50999450683594,173.13499450683594,172.47999572753906,172.86000061035156,1545167,0.0,0.0
2023-10-04 11:30:00-04:00,172.86000061035156,172.89999389648438,172.5,172.72000122070312,1126944,0.0,0.0
2023-10-04 11:45:00-04:00,172.72000122070312,173.14999389648438,172.6199951171875,173.13999938964844,1239365,0.0,0.0
2023-10-04 12:00:00-04:00,173.13999938964844,173.2299041748047,172.80999755859375,172.9600067138672,1181849,0.0,0.0
2023-10-04 12:15:00-04:00,172.97000122070312,173.2899932861328,172.89999389648438,173.1699981689453,904169,0.0,0.0
2023-10-04 12:30:00-04:00,173.1699981689453,173.25999450683594,172.97000122070312,173.0399932861328,825884,0.0,0.0
2023-10-04 12:45:00-04:00,173.0399932861328,173.1999969482422,172.99000549316406,173.11000061035156,695653,0.0,0.0
2023-10-04 13:00:00-04:00,173.10000610351562,173.1300048828125,172.8699951171875,173.0,754657,0.0,0.0
2023-10-04 13:15:00-04:00,173.0,173.1199951171875,172.64500427246094,172.67999267578125,881878,0.0,0.0
2023-10-04 13:30:00-04:00,172.67999267578125,172.83990478515625,172.47999572753906,172.83200073242188,933993,0.0,0.0
2023-10-04 13:45:00-04:00,172.83999633789062,172.9199981689453,172.4600067138672,172.52000427246094,943907,0.0,0.0
2023-10-04 14:00:00-04:00,172.51499938964844,172.75,172.3699951171875,172.62930297851562,956112,0.0,0.0
2023-10-04 14:15:00-04:00,172.6300048828125,172.82449340820312,172.35000610351562,172.74000549316406,1001263,0.0,0.0
2023-10-04 14:30:00-04:00,172.74000549316406,173.02999877929688,172.61000061035156,173.0,827357,0.0,0.0
2023-10-04 14:45:00-04:00,173.0,173.139892578125,172.85000610351562,173.07919311523438,749455,0.0,0.0
2023-10-04 15:00:00-04:00,173.08999633789062,173.50999450683594,173.02999877929688,173.4250030517578,1491551,0.0,0.0
2023-10-04 15:15:00-04:00,173.4199981689453,173.81500244140625,173.39500427246094,173.7698974609375,2051092,0.0,0.0
2023-10-04 15:30:00-04:00,173.77000427246094,174.2100067138672,173.71510314941406,173.9499969482422,1799792,0.0,0.0
2023-10-04 15:45:00-04:00,173.94000244140625,173.97999572753906,173.3699951171875,173.63999938964844,6016376,0.0,0.0
2023-10-05 09:30:00-04:00,173.7899932861328,174.4080047607422,173.55999755859375,173.80999755859375,3807863,0.0,0.0
2023-10-05 09:45:00-04:00,173.82000732421875,174.09010314941406,173.4499969482422,173.87229919433594,2056245,0.0,0.0
2023-10-05 10:00:00-04:00,173.8699951171875,173.875,173.07000732421875,173.39999389648438,2086168,0.0,0.0
2023-10-05 10:15:00-04:00,173.39990234375,173.8300018310547,173.2100067138672,173.69000244140625,1628358,0.0,0.0
2023-10-05 10:30:00-04:00,173.69000244140625,173.75619506835938,172.7899932861328,172.97999572753906,1959182,0.0,0.0
2023-10-05 10:45:00-04:00,172.99000549316406,173.11000061035156,172.67999267578125,172.99000549316406,1500467,0.0,0.0
2023-10-05 11:00:00-04:00,172.9499969482422,173.375,172.8300018310547,173.31500244140625,1457773,0.0,0.0
2023-10-05 11:15:00-04:00,173.3197021484375,173.64999389648438,173.14999389648438,173.60000610351562,1679645,0.0,0.0
2023-10-05 11:30:00-04:00,173.60499572753906,173.64500427246094,173.30050659179688,173.30999755859375,1546356,0.0,0.0
2023-10-05 11:45:00-04:00,173.30999755859375,173.8300018310547,173.26499938964844,173.4801025390625,1283470,0.0,0.0
2023-10-05 12:00:00-04:00,173.48500061035156,173.97959899902344,173.36000061035156,173.9250030517578,1199216,0.0,0.0
2023-10-05 12:15:00-04:00,173.92999267578125,174.02999877929688,173.75999450683594,173.97000122070312,1232365,0.0,0.0
2023-10-05 12:30:00-04:00,173.96009826660156,174.02999877929688,173.66000366210938,173.77999877929688,1682102,0.0,0.0
2023-10-05 12:45:00-04:00,173.78500366210938,173.9499969482422,173.6199951171875,173.94700622558594,697144,0.0,0.0
2023-10-05 13:00:00-04:00,173.94459533691406,174.02000427246094,173.64500427246094,173.93589782714844,946478,0.0,0.0
2023-10-05 13:15:00-04:00,173.93499755859375,174.16000366210938,173.85000610351562,174.158203125,966306,0.0,0.0
2023-10-05 13:30:00-04:00,174.14999389648438,174.9149932861328,173.9600067138672,174.85009765625,2180107,0.0,0.0
2023-10-05 13:45:00-04:00,174.85130310058594,175.02999877929688,174.72999572753906,174.88999938964844,1611166,0.0,0.0
2023-10-05 14:00:00-04:00,174.8800048828125,175.1999969482422,174.85440063476562,175.02000427246094,1322843,0.0,0.0
2023-10-05 14:15:00-04:00,175.02999877929688,175.1699981689453,174.75,174.95989990234375,1203912,0.0,0.0
2023-10-05 14:30:00-04:00,174.9499969482422,175.4499969482422,174.90499877929688,175.3300018310547,1763828,0.0,0.0
2023-10-05 14:45:00-04:00,175.3300018310547,175.38999938964844,175.1699981689453,175.3300018310547,971860,0.0,0.0
2023-10-05 15:00:00-04:00,175.3350067138672,175.38999938964844,174.92210388183594,175.14120483398438,1059075,0.0,0.0
2023-10-05 15:15:00-04:00,175.14999389648438,175.17999267578125,174.8699951171875,175.1199951171875,1096031,0.0,0.0
2023-10-05 15:30:00-04:00,175.1199951171875,175.22000122070312,174.86000061035156,174.93179321289062,1441163,0.0,0.0
2023-10-05 15:45:00-04:00,174.92999267578125,175.2100067138672,174.83999633789062,174.97999572753906,3411919,0.0,0.0
2023-10-06 09:30:00-04:00,173.8000030517578,175.05999755859375,173.17999267578125,173.58999633789062,4885316,0.0,0.0
2023-10-06 09:45:00-04:00,173.58999633789062,174.11000061035156,173.42999267578125,174.02999877929688,2153733,0.0,0.0
2023-10-06 10:00:00-04:00,174.02999877929688,174.25,173.35000610351562,174.16000366210938,2019183,0.0,0.0
2023-10-06 10:15:00-04:00,174.1699981689453,174.88999938964844,173.67999267578125,174.80999755859375,2038280,0.0,0.0
2023-10-06 10:30:00-04:00,174.8000030517578,175.1300048828125,174.72999572753906,175.0399932861328,2627734,0.0,0.0
2023-10-06 10:45:00-04:00,175.03599548339844,175.27999877929688,174.83999633789062,175.1300048828125,1465301,0.0,0.0
2023-10-06 11:00:00-04:00,175.1324005126953,175.6699981689453,175.08999633789062,175.4600067138672,2221327,0.0,0.0
2023-10-06 11:15:00-04:00,175.4600067138672,175.72500610351562,175.2100067138672,175.4499969482422,1641044,0.0,0.0
2023-10-06 11:30:00-04:00,175.4499969482422,176.39999389648438,175.42999267578125,176.2899932861328,1973289,0.0,0.0
2023-10-06 11:45:00-04:00,176.3000030517578,176.83999633789062,176.17999267578125,176.7987060546875,1733523,0.0,0.0
2023-10-06 12:00:00-04:00,176.7949981689453,177.0500030517578,176.5800018310547,176.65499877929688,1963817,0.0,0.0
2023-10-06 12:15:00-04:00,176.65499877929688,176.72000122070312,176.30999755859375,176.67010498046875,1495965,0.0,0.0
2023-10-06 12:30:00-04:00,176.67999267578125,176.92999267578125,176.4499969482422,176.89999389648438,1216132,0.0,0.0
2023-10-06 12:45:00-04:00,176.89999389648438,176.99000549316406,176.72999572753906,176.82000732421875,886377,0.0,0.0
2023-10-06 13:00:00-04:00,176.8300018310547,177.07000732421875,176.69000244140625,177.07000732421875,1103755,0.0,0.0
2023-10-06 13:15:00-04:00,177.07000732421875,177.36000061035156,177.02999877929688,177.16000366210938,1850402,0.0,0.0
2023-10-06 13:30:00-04:00,177.1699981689453,177.38999938964844,177.1199951171875,177.19000244140625,1030571,0.0,0.0
2023-10-06 13:45:00-04:00,177.1999969482422,177.3300018310547,177.10000610351562,177.2799072265625,899351,0.0,0.0
2023-10-06 14:00:00-04:00,177.27499389648438,177.3800048828125,177.1300048828125,177.32000732421875,1059919,0.0,0.0
2023-10-06 14:15:00-04:00,177.32229614257812,177.5399932861328,177.19500732421875,177.5290985107422,1065026,0.0,0.0
2023-10-06 14:30:00-04:00,177.52999877929688,177.69000244140625,177.4199981689453,177.6199951171875,1150000,0.0,0.0
2023-10-06 14:45:00-04:00,177.6199951171875,177.70590209960938,177.4199981689453,177.5399932861328,931191,0.0,0.0
2023-10-06 15:00:00-04:00,177.53500366210938,177.6699981689453,177.4499969482422,177.57000732421875,2112508,0.0,0.0
2023-10-06 15:15:00-04:00,177.5749969482422,177.9550018310547,177.50999450683594,177.94000244140625,1440797,0.0,0.0
2023-10-06 15:30:00-04:00,177.93499755859375,177.99000549316406,177.72000122070312,177.7550048828125,1899094,0.0,0.0
2023-10-06 15:45:00-04:00,177.7550048828125,177.9199981689453,177.39999389648438,177.49000549316406,5420215,0.0,0.0
2023-10-09 09:30:00-04:00,176.80999755859375,176.8800048828125,175.8000030517578,176.83999633789062,4047259,0.0,0.0
2023-10-09 09:45:00-04:00,176.82000732421875,177.2989959716797,176.64999389648438,177.17999267578125,1969667,0.0,0.0
2023-10-09 10:00:00-04:00,177.17999267578125,177.36000061035156,176.31210327148438,176.57000732421875,2011653,0.0,0.0
2023-10-09 10:15:00-04:00,176.5800018310547,177.22000122070312,176.55999755859375,176.8699951171875,1330732,0.0,0.0
2023-10-09 10:30:00-04:00,176.8699951171875,176.97999572753906,176.2899932861328,176.58999633789062,1200006,0.0,0.0
2023-10-09 10:45:00-04:00,176.5800018310547,176.66619873046875,176.2006072998047,176.3699951171875,1101678,0.0,0.0
2023-10-09 11:00:00-04:00,176.36500549316406,176.58999633789062,176.19000244140625,176.4499969482422,1151299,0.0,0.0
2023-10-09 11:15:00-04:00,176.44500732421875,177.02499389648438,176.44500732421875,177.02499389648438,1026459,0.0,0.0
2023-10-09 11:30:00-04:00,177.20860290527344,177.22000122070312,177.03500366210938,177.1199951171875,1232914,0.0,0.0
2023-10-09 11:45:00-04:00,177.1300048828125,177.1999969482422,176.8699951171875,177.19500732421875,968089,0.0,0.0
2023-10-09 12:00:00-04:00,177.1999969482422,177.75999450683594,177.17999267578125,177.69500732421875,1495578,0.0,0.0
2023-10-09 12:15:00-04:00,177.6999969482422,178.07000732421875,177.60000610351562,177.61000061035156,1276356,0.0,0.0
2023-10-09 12:30:00-04:00,177.60000610351562,177.77000427246094,177.5399932861328,177.5500030517578,714284,0.0,0.0
2023-10-09 12:45:00-04:00,177.55499267578125,177.77000427246094,177.43499755859375,177.60000610351562,718363,0.0,0.0
2023-10-09 13:00:00-04:00,177.61000061035156,177.78500366210938,177.55999755859375,177.72000122070312,589845,0.0,0.0
2023-10-09 13:15:00-04:00,177.72000122070312,177.97000122070312,177.681396484375,177.9499969482422,583567,0.0,0.0
2023-10-09 13:30:00-04:00,177.9600067138672,178.4550018310547,177.94000244140625,178.3300018310547,1247460,0.0,0.0
2023-10-09 13:45:00-04:00,178.32000732421875,178.7899932861328,178.22999572753906,178.72000122070312,1674471,0.0,0.0
2023-10-09 14:00:00-04:00,178.72000122070312,178.97000122070312,178.58030700683594,178.85000610351562,1347564,0.0,0.0
2023-10-09 14:15:00-04:00,178.86000061035156,178.92999267578125,178.7100067138672,178.83999633789062,988290,0.0,0.0
2023-10-09 14:30:00-04:00,178.84500122070312,179.02000427246094,178.4199981689453,178.9499969482422,1527064,0.0,0.0
2023-10-09 14:45:00-04:00,178.9499053955078,179.0399932861328,178.7799072265625,178.8800048828125,1070513,0.0,0.0
2023-10-09 15:00:00-04:00,178.8878936767578,179.0500030517578,178.72000122070312,178.88999938964844,1200774,0.0,0.0
2023-10-09 15:15:00-04:00,178.88999938964844,178.9499969482422,178.6649932861328,178.89999389648438,1233503,0.0,0.0
2023-10-09 15:30:00-04:00,178.89999389648438,178.91000366210938,178.6649932861328,178.80999755859375,1808775,0.0,0.0
2023-10-09 15:45:00-04:00,178.8000030517578,179.0500030517578,178.75999450683594,178.99000549316406,3409101,0.0,0.0
2023-10-10 09:30:00-04:00,178.10000610351562,179.16000366210938,178.10000610351562,178.2899932861328,3634608,0.0,0.0
2023-10-10 09:45:00-04:00,178.28500366210938,178.63999938964844,178.1199951171875,178.6300048828125,1831719,0.0,0.0
2023-10-10 10:00:00-04:00,178.6300048828125,178.94580078125,178.35000610351562,178.63999938964844,1835660,0.0,0.0
2023-10-10 10:15:00-04:00,178.63999938964844,179.30999755859375,178.58999633789062,179.1851043701172,1862140,0.0,0.0
2023-10-10 10:30:00-04:00,179.1909942626953,179.42999267578125,179.0399932861328,179.2550048828125,1422892,0.0,0.0
2023-10-10 10:45:00-04:00,179.26499938964844,179.38999938964844,179.10000610351562,179.32000732421875,1255490,0.0,0.0
2023-10-10 11:00:00-04:00,179.3300018310547,179.6199951171875,179.1300048828125,179.48500061035156,1581566,0.0,0.0
2023-10-10 11:15:00-04:00,179.47999572753906,179.67999267578125,179.44000244140625,179.47999572753906,1114848,0.0,0.0
2023-10-10 11:30:00-04:00,179.48500061035156,179.63999938964844,179.33999633789062,179.61500549316406,972182,0.0,0.0
2023-10-10 11:45:00-04:00,179.63999938964844,179.6750030517578,179.52999877929688,179.56500244140625,756745,0.0,0.0
2023-10-10 12:00:00-04:00,179.55999755859375,179.66000366210938,179.47999572753906,179.61000061035156,620033,0.0,0.0
2023-10-10 12:15:00-04:00,179.6199951171875,179.72000122070312,179.44000244140625,179.610107421875,749384,0.0,0.0
2023-10-10 12:30:00-04:00,179.6199951171875,179.69000244140625,179.35000610351562,179.4998016357422,673034,0.0,0.0
2023-10-10 12:45:00-04:00,179.5,179.64999389648438,179.38999938964844,179.50999450683594,761425,0.0,0.0
2023-10-10 13:00:00-04:00,179.5,179.5,178.2899932861328,178.32000732421875,1981934,0.0,0.0
2023-10-10 13:15:00-04:00,178.31500244140625,178.6300048828125,178.13999938964844,178.4499969482422,1485188,0.0,0.0
2023-10-10 13:30:00-04:00,178.4600067138672,178.57589721679688,178.22000122070312,178.44000244140625,1094828,0.0,0.0
2023-10-10 13:45:00-04:00,178.44500732421875,178.4600067138672,178.0399932861328,178.27499389648438,1138019,0.0,0.0
2023-10-10 14:00:00-04:00,178.27000427246094,178.3946075439453,178.1199951171875,178.1300048828125,938007,0.0,0.0
2023-10-10 14:15:00-04:00,178.13999938964844,178.3800048828125,177.9499969482422,178.1699981689453,1199117,0.0,0.0
2023-10-10 14:30:00-04:00,178.19000244140625,178.44000244140625,178.13999938964844,178.39999389648438,1104935,0.0,0.0
2023-10-10 14:45:00-04:00,178.39230346679688,178.6300048828125,177.9600067138672,178.1750030517578,1322603,0.0,0.0
2023-10-10 15:00:00-04:00,178.1750030517578,178.39990234375,178.07000732421875,178.30499267578125,851045,0.0,0.0
2023-10-10 15:15:00-04:00,178.30499267578125,178.90989685058594,178.2899932861328,178.7899932861328,1622451,0.0,0.0
2023-10-10 15:30:00-04:00,178.7899932861328,178.8000030517578,178.5330047607422,178.6300048828125,1422233,0.0,0.0
2023-10-10 15:45:00-04:00,178.6300048828125,178.67999267578125,178.1199951171875,178.41000366210938,4201290,0.0,0.0
2023-10-11 09:30:00-04:00,178.1999969482422,178.9575958251953,178.05999755859375,178.4342041015625,3817378,0.0,0.0
2023-10-11 09:45:00-04:00,178.44000244140625,178.59500122070312,177.60000610351562,177.93499755859375,2683281,0.0,0.0
2023-10-11 10:00:00-04:00,177.92999267578125,178.24000549316406,177.6699981689453,177.86000061035156,1839941,0.0,0.0
2023-10-11 10:15:00-04:00,177.85150146484375,178.32000732421875,177.8300018310547,178.27999877929688,1570443,0.0,0.0
2023-10-11 10:30:00-04:00,178.27999877929688,178.72000122070312,178.13099670410156,178.63999938964844,1866649,0.0,0.0
2023-10-11 10:45:00-04:00,178.64999389648438,179.27999877929688,178.47999572753906,179.10000610351562,1791035,0.0,0.0
2023-10-11 11:00:00-04:00,179.14610290527344,179.32000732421875,178.94000244140625,179.11000061035156,1854651,0.0,0.0
2023-10-11 11:15:00-04:00,179.1300048828125,179.1300048828125,178.55999755859375,178.5883026123047,1240346,0.0,0.0
2023-10-11 11:30:00-04:00,178.58999633789062,178.94000244140625,178.44500732421875,178.5850067138672,1110514,0.0,0.0
2023-10-11 11:45:00-04:00,178.60000610351562,178.9499969482422,178.5800018310547,178.7082977294922,985613,0.0,0.0
2023-10-11 12:00:00-04:00,178.7100067138672,178.74000549316406,178.38999938964844,178.5670928955078,963928,0.0,0.0
2023-10-11 12:15:00-04:00,178.5500030517578,178.60000610351562,178.36500549316406,178.57009887695312,840957,0.0,0.0
2023-10-11 12:30:00-04:00,178.5800018310547,178.7100067138672,178.44000244140625,178.58999633789062,911923,0.0,0.0
2023-10-11 12:45:00-04:00,178.5800018310547,178.6649932861328,178.27000427246094,178.625,818911,0.0,0.0
2023-10-11 13:00:00-04:00,178.63999938964844,178.72000122070312,178.4250030517578,178.72000122070312,741686,0.0,0.0
2023-10-11 13:15:00-04:00,178.72000122070312,178.74200439453125,178.3300018310547,178.5906982421875,1087487,0.0,0.0
2023-10-11 13:30:00-04:00,178.58999633789062,178.58999633789062,178.375,178.5478973388672,546807,0.0,0.0
2023-10-11 13:45:00-04:00,178.54010009765625,178.67999267578125,178.36000061035156,178.6300048828125,619346,0.0,0.0
2023-10-11 14:00:00-04:00,178.6199951171875,178.94000244140625,178.58999633789062,178.8094940185547,1164329,0.0,0.0
2023-10-11 14:15:00-04:00,178.80999755859375,179.3800048828125,178.7700958251953,178.9499969482422,1389967,0.0,0.0
2023-10-11 14:30:00-04:00,178.9499969482422,179.14999389648438,178.89999389648438,179.08999633789062,1363095,0.0,0.0
2023-10-11 14:45:00-04:00,179.09500122070312,179.22000122070312,178.94000244140625,179.0850067138672,1801118,0.0,0.0
2023-10-11 15:00:00-04:00,179.07730102539062,179.2899932861328,179.0399932861328,179.1300048828125,1107901,0.0,0.0
2023-10-11 15:15:00-04:00,179.13999938964844,179.25999450683594,179.0399932861328,179.1699981689453,1300238,0.0,0.0
2023-10-11 15:30:00-04:00,179.1699981689453,179.47000122070312,179.13999938964844,179.4199981689453,1572875,0.0,0.0
2023-10-11 15:45:00-04:00,179.4250030517578,179.85000610351562,179.36000061035156,179.75,4214744,0.0,0.0
2023-10-12 09:30:00-04:00,180.07000732421875,180.62010192871094,179.83999633789062,180.52000427246094,3944239,0.0,0.0
2023-10-12 09:45:00-04:00,180.52499389648438,180.99000549316406,180.35000610351562,180.92999267578125,2583092,0.0,0.0
2023-10-12 10:00:00-04:00,180.92999267578125,181.72000122070312,180.80999755859375,181.46499633789062,3190154,0.0,0.0
2023-10-12 10:15:00-04:00,181.47000122070312,182.14990234375,181.17999267578125,181.72000122070312,3715274,0.0,0.0
2023-10-12 10:30:00-04:00,181.72999572753906,182.08990478515625,181.52000427246094,181.52999877929688,2237830,0.0,0.0
2023-10-12 10:45:00-04:00,181.52999877929688,182.10780334472656,181.4600067138672,182.05999755859375,2041760,0.0,0.0
2023-10-12 11:00:00-04:00,182.05999755859375,182.2100067138672,181.63999938964844,182.17999267578125,1798436,0.0,0.0
2023-10-12 11:15:00-04:00,182.17999267578125,182.33999633789062,181.75,181.77000427246094,1977034,0.0,0.0
2023-10-12 11:30:00-04:00,181.76499938964844,181.83999633789062,181.58999633789062,181.75,1733534,0.0,0.0
2023-10-12 11:45:00-04:00,181.7550048828125,181.96200561523438,181.50999450683594,181.94000244140625,1141880,0.0,0.0
2023-10-12 12:00:00-04:00,181.94000244140625,182.1199951171875,181.7906951904297,181.9600067138672,1288336,0.0,0.0
2023-10-12 12:15:00-04:00,181.9600067138672,182.2899932861328,181.88499450683594,182.27000427246094,1262267,0.0,0.0
2023-10-12 12:30:00-04:00,182.27999877929688,182.27999877929688,181.97999572753906,182.07000732421875,1038109,0.0,0.0
2023-10-12 12:45:00-04:00,182.07000732421875,182.13690185546875,181.8699951171875,181.9550018310547,1081080,0.0,0.0
2023-10-12 13:00:00-04:00,181.9550018310547,182.05999755859375,180.74000549316406,180.77000427246094,1947201,0.0,0.0
2023-10-12 13:15:00-04:00,180.7550048828125,180.8300018310547,180.3300018310547,180.3549041748047,1575149,0.0,0.0
2023-10-12 13:30:00-04:00,180.33999633789062,180.6300048828125,180.1999969482422,180.27999877929688,1332753,0.0,0.0
2023-10-12 13:45:00-04:00,180.27000427246094,180.3948974609375,179.9600067138672,179.98500061035156,1239343,0.0,0.0
2023-10-12 14:00:00-04:00,179.99000549316406,180.1300048828125,179.3699951171875,179.56410217285156,1752105,0.0,0.0
2023-10-12 14:15:00-04:00,179.57000732421875,179.69000244140625,179.0399932861328,179.63999938964844,2283136,0.0,0.0
2023-10-12 14:30:00-04:00,179.63499450683594,179.85899353027344,179.49000549316406,179.75999450683594,1054409,0.0,0.0
2023-10-12 14:45:00-04:00,179.75999450683594,180.02000427246094,179.67999267578125,179.80990600585938,903545,0.0,0.0
2023-10-12 15:00:00-04:00,179.82000732421875,180.24000549316406,179.72999572753906,180.11000061035156,1294691,0.0,0.0
2023-10-12 15:15:00-04:00,180.11000061035156,180.47999572753906,180.02999877929688,180.39999389648438,1520277,0.0,0.0
2023-10-12 15:30:00-04:00,180.39999389648438,180.80999755859375,180.38999938964844,180.4600067138672,2146887,0.0,0.0
2023-10-12 15:45:00-04:00,180.47000122070312,180.81500244140625,180.41000366210938,180.72999572753906,3632720,0.0,0.0
2023-10-13 09:30:00-04:00,181.4199981689453,181.92999267578125,180.92999267578125,181.17999267578125,3489866,0.0,0.0
2023-10-13 09:45:00-04:00,181.19500732421875,181.4499969482422,181.00999450683594,181.1699981689453,1694660,0.0,0.0
2023-10-13 10:00:00-04:00,181.14999389648438,181.25999450683594,180.5500030517578,180.5800018310547,3178043,0.0,0.0
2023-10-13 10:15:00-04:00,180.58999633789062,180.83999633789062,180.36000061035156,180.52999877929688,1398997,0.0,0.0
2023-10-13 10:30:00-04:00,180.52000427246094,180.76499938964844,180.22000122070312,180.30870056152344,1251621,0.0,0.0
2023-10-13 10:45:00-04:00,180.3000030517578,180.33999633789062,179.37010192871094,179.625,1866966,0.0,0.0
2023-10-13 11:00:00-04:00,179.6199951171875,179.69000244140625,179.24929809570312,179.4499969482422,1307353,0.0,0.0
2023-10-13 11:15:00-04:00,179.45750427246094,179.45750427246094,178.9499969482422,179.19000244140625,1848211,0.0,0.0
2023-10-13 11:30:00-04:00,179.19000244140625,179.3625030517578,178.9499969482422,179.13999938964844,1352028,0.0,0.0
2023-10-13 11:45:00-04:00,179.14999389648438,179.20849609375,178.47000122070312,178.61000061035156,1995221,0.0,0.0
2023-10-13 12:00:00-04:00,178.60000610351562,179.02999877929688,178.5301055908203,178.75,1484248,0.0,0.0
2023-10-13 12:15:00-04:00,178.75,179.27000427246094,178.7100067138672,179.2550048828125,1069357,0.0,0.0
2023-10-13 12:30:00-04:00,179.25999450683594,179.47000122070312,179.19000244140625,179.32000732421875,969851,0.0,0.0
2023-10-13 12:45:00-04:00,179.32200622558594,179.3300018310547,178.83999633789062,179.05999755859375,920179,0.0,0.0
2023-10-13 13:00:00-04:00,179.05999755859375,179.10499572753906,178.5749969482422,178.5800018310547,1254381,0.0,0.0
2023-10-13 13:15:00-04:00,178.57000732421875,178.75999450683594,178.22000122070312,178.25999450683594,1273689,0.0,0.0
2023-10-13 13:30:00-04:00,178.26100158691406,179.02000427246094,178.13999938964844,178.83999633789062,1720058,0.0,0.0
2023-10-13 13:45:00-04:00,178.84500122070312,178.97000122070312,178.69000244140625,178.82000732421875,1083544,0.0,0.0
2023-10-13 14:00:00-04:00,178.82000732421875,179.11000061035156,178.69000244140625,178.96009826660156,1160945,0.0,0.0
2023-10-13 14:15:00-04:00,178.9600067138672,179.30999755859375,178.8000030517578,179.24000549316406,1240639,0.0,0.0
2023-10-13 14:30:00-04:00,179.2449951171875,179.5399932861328,179.06500244140625,179.10000610351562,1412246,0.0,0.0
2023-10-13 14:45:00-04:00,179.10499572753906,179.40499877929688,178.9687957763672,179.33990478515625,1309908,0.0,0.0
2023-10-13 15:00:00-04:00,179.3300018310547,179.74000549316406,179.08999633789062,179.46890258789062,1417715,0.0,0.0
2023-10-13 15:15:00-04:00,179.4600067138672,179.47000122070312,178.85000610351562,178.93499755859375,1493039,0.0,0.0
2023-10-13 15:30:00-04:00,178.94000244140625,179.05999755859375,178.52000427246094,178.61000061035156,1687781,0.0,0.0
2023-10-13 15:45:00-04:00,178.61000061035156,179.08999633789062,178.58999633789062,178.8699951171875,4047663,0.0,0.0
